1000011000000000000111111100000111111100000000000011000010000110000000000001111111000001111111000000000000110000100
0100110000000000001000000010001000000010000000000001100101001100000000000010000000100010000000100000000000011001010
0101010000000000010000000001010000000001000000000001010101010100000000000100000000010100000000010000000000010101010
0101101100001010100000000000100000000000101010000110110101011011000010101000000000001000000000001010100001101101010
0101010010000100100011110001010001111000100100001001010101010100100001001000111100010100011110001001000010010101010
0010100110010100100100111010001011100100100101001100101000101001100101001001001110100010111001001001010011001010001
0010101010100100100000000101010100000000100100101010101000101010101001001000000001010101000000001001001010101010001
0010101000100101000000011000100011000000010100100010101000101010001001010000000110001000110000000101001000101010001
0010101001100010000011011000100011011000001000110010101000101010011000100000110110001000110110000010001100101010001
0010101001100101010100100000100000100101010100110010101000101010011001010101001000001000001001010101001100101010001
0010101011100101011001010001010001010011010100111010101000101010111001010110010100010100010100110101001110101010001
0101010011100101000010010010001001001000010100111001010101010100111001010000100100100010010010000101001110010101010
1010100111100101011100100100000100100111010100111100101010101001111001010111001001000001001001110101001111001010101
0111001111000101001101000100000100010110010100011110011101110011110001010011010001000001000101100101000111100111011
1000011110000101010101100010001000110101010100001111000010000111100001010101011000100010001101010101000011110000100
1000111100000101000000000001010000000000010100000111100010001111000001010000000000010100000000000101000001111000100
1111111000000101000000000000100000000000010100000011111111111110000001010000000000001000000000000101000000111111111
1011110000000010000000011110101111000000001000000001111010111100000000100000000111101011110000000010000000011110101
1000000000000101000000111111111111100000010100000000000010000000000001010000001111111111111000000101000000000000100
0100000000000101000001111000100011110000010100000000000101000000000001010000011110001000111100000101000000000001010
0010001101010101000011110000100001111000010101010110001000100011010101010000111100001000011110000101010101100010001
0001000101100101000111100111011100111100010100110100010000010001011001010001111001110111001111000101001101000100000
0001001001110101001111001010101010011110010101110010010000010010011101010011110010101010100111100101011100100100000
0010010010000101001110010101010101001110010100001001001000100100100001010011100101010101010011100101000010010010001
0100010100110101001110101010001010101110010101100101000101000101001101010011101010100010101011100101011001010001010
1000001001010101001100101010001010100110010101010010000010000010010101010011001010100010101001100101010100100000100
1000110110000010001100101010001010100110001000001101100010001101100000100011001010100010101001100010000011011000100
1000110000000101001000101010001010100010010100000001100010001100000001010010001010100010101000100101000000011000100
0101000000001001001010101010001010101010010010000000010101010000000010010010101010100010101010100100100000000101010
0010111001001001010011001010001010011001010010010011101000101110010010010100110010100010100110010100100100111010001
0100011110001001000010010101010101001000010010001111000101000111100010010000100101010101010010000100100011110001010
1000000000001010100001101101010110110000101010000000000010000000000010101000011011010101101100001010100000000000100
0100000000010000000000010101010101000000000001000000000101000000000100000000000101010101010000000000010000000001010
0010000000100000000000011001010011000000000000100000001000100000001000000000000110010100110000000000001000000010001
0001111111000000000000110000100001100000000000011111110000011111110000000000001100001000011000000000000111111100000
