1101000010101000101010000101100001010100010101000010110000101010001010100001011000010101000101010000110100001010100
1111000101001101100101000111100010100110110010100011110001010011011001010001111000101001101100101000111100010100110
1011001010001111100010100110100101000111110001010011010010100011111000101001101001010001111100010100101100101000111
1001010101111101111101010100101010111111111110101010010101011111011111010101001010101111101111101010100101010111110
1101101000111000111000101101110100011110111100010110111010001110001110001011011101000111010111000101110110100011100
1111010000010010010000010111101000001100011000001011110100000100000100000101111010000010101010000010111101000001001
1011101000111000111000101110110100011110111100010111011010001110001110001011101101000111010111000101101110100011100
1001010101111101111101010100101010111111111110101010010101011111011111010101001010101111101111101010100101010111110
1101001010001111100010100101100101000111110001010010110010100011111000101001011001010001111100010100110100101000111
1111000101001101100101000111100010100110110010100011110001010011011001010001111000101001101100101000111100010100110
1011000010101000101010000110100001010100010101000011010000101010001010100001101000010101000101010000101100001010100
