1000000010100000011111110000001010000000100000001010000001111111000000101000000010000000101000000111111100000010100
1100000110110000111111111000011011000001110000011011000011111111100001101100000111000001101100001111111110000110110
1110000001000001100010001100000100000011111000000100000110001000110000010000001111100000010000011000100011000001000
0001000110110011001010100110011011000100000100011011001100101010011001101100010000010001101100110010101001100110110
1110000010100110011111110011001010000011111000001010011001111111001100101000001111100000101001100111111100110010100
1100000001001100000010000001100100000001110000000100110000001000000110010000000111000000010011000000100000011001000
1001100001011000111111111000110100001100100110000101100011111111100011010000110010011000010110001111111110001101000
1011110000110001111010111100011000011110101111000011000111101011110001100001111010111100001100011110101111000110000
1111100001101000110010011000101100001111111110000110100011001001100010110000111111111000011010001100100110001011000
1000000011010000000111000000010110000000100000001101000000011100000001011000000010000000110100000001110000000101100
1111000110010000001111100000010011000111111100011001000000111110000001001100011111110001100100000011111000000100110
1010001101101100110000011001101101100010101000110110110011000001100110110110001010100011011011001100000110011011011
1000011000101000011111110000101000110000100001100010100001111111000010100011000010000110001010000111111100001010001
1000110000010000001111100000010000011000100011000001000000111110000001000001100010001100000100000011111000000100000
1111100000101000000111000000101000001111111110000010100000011100000010100000111111111000001010000001110000001010000
1111000001101100000010000001101100000111111100000110110000001000000110110000011111110000011011000000100000011011000
