0000111111100011111110000011000011110000011110000110000011111110001111111000001100001111000001111000011000001111111
0001111111110111111111000100100111111000111111001001000111111111011111111100010010011111100011111100100100011111111
0011000000111110000001100010001110011101110011100010001100000011111000000110001000111001110111001110001000110000001
0110000000001000000000110001111000001111100000111100011000000000100000000011000111100000111110000011110001100000000
1100001110001000111000011000011000001111100000110000110000111000100011100001100001100000111110000011000011000011100
1000011001011101001100001100001100100010001001100001100001100101110100110000110000110010001000100110000110000110010
0000110010001000100110000110000110010111010011000011000011001000100010011000011000011001011101001100001100001100100
0001100000111110000011000011000011100010001110000110000110000011111000001100001100001110001000111000011000011000001
0111100000111110000011110001100000000010000000001100011110000011111000001111000110000000001000000000110001111000001
1000111001110111001110001000110000001111100000011000100011100111011100111000100011000000111110000001100010001110011
0010011111100011111100100100011111111101111111110001001001111110001111110010010001111111110111111111000100100111111
1100001111000001111000011000001111111000111111100000110000111100000111100001100000111111100011111110000011000011110
