0010010000000000000000000000000000000000000100100000100100000000000000000000000000000000000001001000001001000000000
0001001000000000000000001000000000000000001001000000010010000000000000000010000000000000000010010000000100100000000
0010100100010000000000011100000000000100010010100000101001000100000000000111000000000001000100101000001010010001000
0011111111111110001000111110001000111111111111100000111111111111100010001111100010001111111111111000001111111111111
0000000001101000010100010100010100001011000000000000000000011010000101000101000101000010110000000000000000000110100
0011111111111110111110001000111110111111111111100000111111111111101111100010001111101111111111111000001111111111111
0010100101110000010101111111010100000111010010100000101001011100000101011111110101000001110100101000001010010111000
0001001001110000001000001000001000000111001001000000010010011100000010000010000010000001110010010000000100100111000
0010010001111000000000011100000000001111000100100000100100011110000000000111000000000011110001001000001001000111100
0000000001111100000000101010000000011111000000000000000000011111000000001010100000000111110000000000000000000111110
0001111111111110000001001001000000111111111111000000011111111111100000010010010000001111111111110000000111111111111
0011111111111110000110011100110000111111111111100000111111111111100001100111001100001111111111111000001111111111111
0101111111111100001111001001111000011111111111010001011111111111000011110010011110000111111111110100010111111111110
1001001001001000000110001000110000001001001001001010010010010010000001100010001100000010010010010010100100100100100
0001001001001000000000011100000000001001001001000000010010010010000000000111000000000010010010010000000100100100100
0001001001001000000000111110000000001001001001000000010010010010000000001111100000000010010010010000000100100100100
0001101101101100000001111111000000011011011011000000011011011011000000011111110000000110110110110000000110110110110
