0000000000000100000100000000000000000000000000001000001000000000000000001000001000000000000000000000000000010000010
0010001000000110001100000010001000000100010000001100011000000100010000001100011000000100010000001000100000011000110
0011011000011111011111000011011000000110110000111110111110000110110000111110111110000110110000001101100001111101111
1101010110001111011110001111011110011110111100011110111100011010101100011110111100011110111100111101111000111101111
0111011100000111111100000111011100001101011000001110111000001110111000001111111000001110111000011010110000011101110
0000100000000001110000000000100000000011100000000001000000000001000000000011100000000001000000000111000000000010000
0111011100000111111100000111011100001101011000001110111000001110111000001111111000001110111000011010110000011101110
1101010110001111011110001111011110011110111100011110111100011010101100011110111100011110111100111101111000111101111
0011011000011111011111000011011000000110110000111110111110000110110000111110111110000110110000001101100001111101111
0010001000000110001100000010001000000100010000001100011000000100010000001100011000000100010000001000100000011000110
0000000000000100000100000000000000000000000000001000001000000000000000001000001000000000000000000000000000010000010
