01000001000000000000000100000000000000010000010
11010010000000000000001010000000000000001001011
00110010011000000010010101001000000011001001100
01110010100100000111001010011100000100101001110
00001010100000001111100100111110000000101010000
00000110111000011111110101111111000011101100000
01111110011100001100111011100110000111001111110
10000001001110000100111111100100001110010000001
00011100100111000000111111100000011100100111000
00100110010011100000011111000000111001001100100
00100111001001100000001110000000110010011100100
00010011100100100011100100111000100100111001000
00000001110010100100010101000100101001110000000
00000000111001100100001110000100110011100000000
00000000011111100010000100001000111111000000000
00000100000000010001000100010001000000000100000
00001110000000001000100100100010000000001110000
00011111000011000100000100000100011000011111000
00111100000100100010000100001000100100000111100
00011100000100010001111111110001000100000111000
00001111100100001001010101010010000100111110000
00100111110010000001110101110000001001111100100
01010011111001000001000100010000010011111001010
10101101111111111111111111111111111111110110101
01010011111001000001000100010000010011111001010
00100111110010000001110101110000001001111100100
00001111100100001001010101010010000100111110000
00011100000100010001111111110001000100000111000
00111100000100100010000100001000100100000111100
00011111000011000100000100000100011000011111000
00001110000000001000100100100010000000001110000
00000100000000010001000100010001000000000100000
00000000011111100010000100001000111111000000000
00000000111001100100001110000100110011100000000
00000001110010100100010101000100101001110000000
00010011100100100011100100111000100100111001000
00100111001001100000001110000000110010011100100
00100110010011100000011111000000111001001100100
00011100100111000000111111100000011100100111000
10000001001110000100111111100100001110010000001
01111110011100001100111011100110000111001111110
00000110111000011111110101111111000011101100000
00001010100000001111100100111110000000101010000
01110010100100000111001010011100000100101001110
00110010011000000010010101001000000011001001100
11010010000000000000001010000000000000001001011
01000001000000000000000100000000000000010000010
