0000000000000010000000100000000000000000000000001000000010000000000000000000000000100000001000000000000000000000000
0000100000000011000001100000000010000010000000001100000110000000001000001000000000110000011000000000100000100000000
0001100000000011100011100000000011000110000000001110001110000000001100011000000000111000111000000000110001100000000
1011100000000011110111100000000011101110000000001111011110000000001110111000000000111101111000000000111011100000000
1110100000111101110111011110000010111010000011110111011101111000001011101000001111011101110111100000101110100000111
0100011110011110110110111100111100010001111001111011011011110011110001000111100111101101101111001111000100011110011
1010001100001111010101111000011000101000110000111101010111100001100010100011000011110101011110000110001010001100001
0001011000000111101011110000001101101101100000011110101111000000110100010110000001111010111100000011011011011000000
0000110000000000011100000000000110010011000000000001110000000000011000001100000000000111000000000001100000110000000
0001011000000111101011110000001101101101100000011110101111000000110100010110000001111010111100000011011011011000000
1010001100001111010101111000011000101000110000111101010111100001100010100011000011110101011110000110001010001100001
0100011110011110110110111100111100010001111001111011011011110011110001000111100111101101101111001111000100011110011
1110100000111101110111011110000010111010000011110111011101111000001011101000001111011101110111100000101110100000111
1011100000000011110111100000000011101110000000001111011110000000001110111000000000111101111000000000111011100000000
0001100000000011100011100000000011000110000000001110001110000000001100011000000000111000111000000000110001100000000
0000100000000011000001100000000010000010000000001100000110000000001000001000000000110000011000000000100000100000000
0000000000000010000000100000000000000000000000001000000010000000000000000000000000100000001000000000000000000000000
