0100010000011000001000001000001000001100000100010000011000001000001000001000001100000100010000011000001000001000001
1110111000010101100100010100010011010100001110111000010101100100010100010011010100001110111000010101100100010100010
0110110101101101010010010100100101011011010110110101101101010010010100100101011011010110110101101101010010010100100
1010101101010001110010010100100111000101011010101101010001110010010100100111000101011010101101010001110010010100100
0001000000110110000010010100100000110110000001000000110110000010010100100000110110000001000000110110000010010100100
0101010000000110110010110110100110110000000101010000000110110010110110100110110000000101010000000110110010110110100
1010101000111000101001101011001010001110001010101000111000101001101011001010001110001010101000111000101001101011001
0101010001111011011000010100001101101111000101010001111011011000010100001101101111000101010001111011011000010100001
1010101000111010100001001001000010101110001010101000111010100001001001000010101110001010101000111010100001001001000
1010101000010001101000100010001011000100001010101000010001101000100010001011000100001010101000010001101000100010001
1010101001000100000100101010010000010001001010101001000100000100101010010000010001001010101001000100000100101010010
0010100110001010000100101010010000101000110010100110001010000100101010010000101000110010100110001010000100101010010
0001000000000100000100010100010000010000000001000000000100000100010100010000010000000001000000000100000100010100010
1001001000011000001001001001001000001100001001001000011000001001001001001000001100001001001000011000001001001001001
0110110000100001110010010100100111000010000110110000100001110010010100100111000010000110110000100001110010010100100
1000001111011110000001100011000000111101111000001111011110000001100011000000111101111000001111011110000001100011000
