000100000111101110000010000000000000000000000000000000000000000010000011101111000001000
001000011000010001000100000001000000000001111100000000000100000001000100010000110000100
011000011000010000101001010000111000000010000010000000111000010100101000010000110000110
100111100000100000010000100000000100111001000100111001000000001000010000001000001111001
000110000000100000010001010000000011000100101001000110000000010100010000001000000011000
000101100000100000100000000011110011000010101010000110011110000000001000001000001101000
000101100001000000100000000111101100000010010010000001101111000000001000000100001101000
011000011110000000100000001111010100001101010101100001010111100000001000000011110000110
011000010001000001000001011110101010011101010101110010101011110100000100000100010000110
100000010001000001000000111101010110001000101000100011010101111000000100000100010000001
100000010001000010000000000010101110000000101000000011101010000000000010000100010000001
100000101111000100000000000011011110000011010110000011110110000000000001000111101000001
100111000000111000000000000000111100000111010111000001111000000000000000111000000111001
011000000000100000000000000000111000000010010010000000111000000000000000001000000000110
100000000000101111111111111000110000000000010000000000011000111111111111101000000000001
100000000001001000000000001000100000000000101000000000001000100000000000100100000000001
100000000010001011111111101000010000000001010100000000010000101111111110100010000000001
010000001100001010000000101000000000000010101010000000000000101000000010100001100000010
001001110000001010111110101000101000000101010101000000101000101011111010100000011100100
000110000000001010100010101000010000001010101010100000010000101010001010100000000011000
001000000000001010100010101000101000010101000101010000101000101010001010100000000000100
010000000000001010100010101000000000101010000000000000000000101010001010100000000000010
100000000000001010111111111111111111010111111111111111111111101011111010100000000000001
001010001000001010000000000000000010101000000000000000000000101010000010100000100010100
000100000100001011111111111111111101011111111111111111111111101011111110100001000001000
001010001100001000000000000000001010100000000000000000000000101010000000100001100010100
000000011100001111111111111111110101111111111111111111111111101011111111100001110000000
000000111100100000000010101000101010000000000000000000000000101010000000001001111000000
000001111011000000000010101001010100000000010000000001010100101010000000000110111100000
010001110101000000000010101010101001000000101000000100101010101010000000000101011100010
001001101010111100101010101001010001100001000100001100010101101010101001111010101100100
001001010101111010010010101010100001010010000010010100001010101010010010111101010100100
001000101011110000101010101001000001010001101100010100000101011010101000011110101000100
000100110111100000000010101010000001001000101000100100000010101010000000001111011001000
000011001111000000000010101000000001001000101000100100000001010110000000000111100110000
000011000000000000000010101001111111001000101000100111111100101010000000000000000110000
000100000000000000000010101000100000100101000101001000001000110101000000000000000001000
000100001000000000001010101000011000010010010010010000110000101010100000000000100001000
000100011100000000010010101000000111001000101000100111000000101101010000000001110001000
000010011000100000101010101000000000100001010100001000000000101010101000001000110010000
001001100001110001010010101000010000010001010100010000010000101011010100011100001100100
010100011001100010101010101000101000100111010111001000101000101010101010001100110001010
010011000110000101010010101001001111001000010000100111100100101010010101000011000110010
010000111001111010100010101010000000010111111111010000000010101010001010111100111000010
010011000110000101010010101001001111001000010000100111100100101010010101000011000110010
010100011001100010101010101000101000100111010111001000101000101010101010001100110001010
001001100001110001010110101000010000010001010100010000010000101010010100011100001100100
000010011000100000101010101000000000100001010100001000000000101010101000001000110010000
000100011100000000010101101000000111001000101000100111000000101010010000000001110001000
000100001000000000001010101000011000010010010010010000110000101010100000000000100001000
000100000000000000000101011000100000100101000101001000001000101010000000000000000001000
000011000000000000000010101001111111001000101000100111111100101010000000000000000110000
000011001111000000000011010100000001001000101000100100000000101010000000000111100110000
000100110111100000000010101010000001001000101000100100000010101010000000001111011001000
001000101011110000101010110101000001010001101100010100000100101010101000011110101000100
001001010101111010010010101010100001010010000010010100001010101010010010111101010100100
001001101010111100101010101101010001100001000100001100010100101010101001111010101100100
010001110101000000000010101010101001000000101000000100101010101010000000000101011100010
000001111011000000000010101001010100000000010000000001010100101010000000000110111100000
000000111100100000000010101000000000000000000000000010101000101010000000001001111000000
000000011100001111111110101111111111111111111111111101011111111111111111100001110000000
001010001100001000000010101000000000000000000000001010100000000000000000100001100010100
000100000100001011111110101111111111111111111111110101111111111111111110100001000001000
001010001000001010000010101000000000000000000000101010000000000000000010100000100010100
100000000000001010111110101111111111111111111111010111111111111111111010100000000000001
010000000000001010100010101000000000000000000010101000000000101010001010100000000000010
001000000000001010100010101000101000010101000101010000101000101010001010100000000000100
000110000000001010100010101000010000001010101010100000010000101010001010100000000011000
001001110000001010111110101000101000000101010101000000101000101011111010100000011100100
010000001100001010000000101000000000000010101010000000000000101000000010100001100000010
100000000010001011111111101000010000000001010100000000010000101111111110100010000000001
100000000001001000000000001000100000000000101000000000001000100000000000100100000000001
100000000000101111111111111000110000000000010000000000011000111111111111101000000000001
011000000000100000000000000000111000000010010010000000111000000000000000001000000000110
100111000000111000000000000000111100000111010111000001111000000000000000111000000111001
100000101111000100000000000011011110000011010110000011110110000000000001000111101000001
100000010001000010000000000010101110000000101000000011101010000000000010000100010000001
100000010001000001000000111101010110001000101000100011010101111000000100000100010000001
011000010001000001000001011110101010011101010101110010101011110100000100000100010000110
011000011110000000100000001111010100001101010101100001010111100000001000000011110000110
000101100001000000100000000111101100000010010010000001101111000000001000000100001101000
000101100000100000100000000011110011000010101010000110011110000000001000001000001101000
000110000000100000010001010000000011000100101001000110000000010100010000001000000011000
100111100000100000010000100000000100111001000100111001000000001000010000001000001111001
011000011000010000101001010000111000000010000010000000111000010100101000010000110000110
001000011000010001000100000001000000000001111100000000000100000001000100010000110000100
000100000111101110000010000000000000000000000000000000000000000010000011101111000001000
