1000000000000000100000000000000010000000011000000000000000000111011101110000000000000000001100000000100000000000000
1100000000000001110000000000000111000000100100000000000000000010001000100000000000000000010010000001110000000000000
1110000001110011111001110000001111100001100100000000000000000011011101100000000000000000010011000011111000000111001
0011000011111011111011111000011000100001101000000000000111110001111111000111110000000000001011000010001100001111101
1111000111111011111011111100011110000000100000000000001100011000111110001100011000000000000010000000111100011111101
0011000110110011111001101100011000000011111110000000011000001100010100011000001100000000111111100000001100011011001
1111000111000001010000011100011110001111111111100000110000000100000000010000000110000011111111111000111100011100000
1110000111110000100001111100001111111111110000110001100000000100000000010000000011000110000111111111111000011111000
1100000111110011111001111100000111111111000000011000100110000100000000010000110010001100000001111111110000011111001
0001110111110111111101111101110000000000000000001100101111001100000000011001111010011000000000000000000111011111011
0001111011110111011101111011110000000000000000000110101111011000001000001101111010110000000000000000000111101111011
0001111101101110001110110111110000000111111111110011100110110000011100000110110011100111111111110000000111110110111
0000111000100101110100100011100000011100000111111000100111000000001000000001110010001111110000011100000011100010010
0000000111000011111000011100000000110000001110011100100000000000000000000000000010011100111000000110000000011100001
0000001111111011111011111110000001100000001100000110110000000001100011000000000110110000011000000011000000111111101
1000011100111011111011100111000011000000001100000011010000000011000001100000000101100000011000000001100001110011101
1100011110011011111011001111000111000011100010000001110000000111000001110000000111000000100011100001110001111001101
0110011110101001110010101111001101100111110111100011111000001110000000111000001111100011110111110011011001111010100
0010011101100110101100110111001000000111110111100010011000001110000000111000001100100011110111110000001001110110011
0001001101110011111001110110010000110011110111100000001100011110000000111100011000000011110111100110000100110111001
0001000001111110001111110000010001111010001010111110000100011110001000111100010000111110101000101111000100000111111
1001100000111101110111100000110011110001111110111111000110011110011100111100110001111110111111000111100110000011110
1001110000011011111011000001110011100001111101111110000010111100111110011110100000111111011111000011100111000001101
1001011100000011111000000111010011011101111101111110000010111101111111011110100000111111011111011101100101110000001
1011000000000011111000000000011010111110110110111110000010111101101011011110100000111110110110111110101100000000001
1110000000000011111000000000001111111110001111000000000010111001001001001110100000000001111000111111111000000000001
1000011111000001110000011111000010111110110110111100000010111000001000001110100000011110110110111110100001111100000
1000111111100000100000111111100011011101111001111110000010110000011100000110100000111111001111011101100011111110000
1001111111110000100001111111110011100001111101111110000010110000111110000110100000111111011111000011100111111111000
1011111111111000000011111111111011110000111100111110000110100000111110000010110000111110011110000111101111111111100
0011001111111100000111111110011001111010001010111100000101100010111110100011010000011110101000101111001100111111110
0000000000011110001111000000000000110011110111000000000111000111011101110001110000000001110111100110000000000001111
0000000000000110001100000000000000000111110111100000001110001111101011111000111000000011110111110000000000000000011
0001111111110011011001111111110000000111110111110000001100000011101011100000011000000111110111110000000111111111001
0011101111110001010001111110111000000011100010000000011000111001111111001110001100000000100011100000001110111111000
0110011000001101010110000011001100000000000000000000110000011101111111011100000110000000000000000000011001100000110
1100110011111101010111111001100111000000000000000001110000000010111110100000000111000000000000000001110011001111110
0001100110000111011100001100110001110000011111111111011100000111001001110000011101111111111100000111000110011000011
0110001100000011011000000110001100011111111000000000000110001111100011111000110000000000001111111100011000110000001
0110011000000001010000000011001100000000001100000000000011001111100011111001100000000000011000000000011001100000000
1110010000011001010011000001001110000000000110000011110011000111011101110001100111100000110000000000111001000001100
1110010001111011011011110001001110000000000011000010001011000000111110000001101000100001100000000000111001000111101
1110010001110110001101110001001110000000000001100010000010000000111110000000100000100011000000000000111001000111011
0100010000111100000111100001000100000000000000100011111100000000011100000000011111100010000000000000010001000011110
0000011000000000000000000011000000000000111000110000111001110000001000000111001110000110001110000000000001100000000
0000011100000000000000000111000000011001111100111000000011111000001000001111100000001110011111001100000001110000000
0000001111000000000000011110000000111101111110110111000001001100011100011001000001110110111111011110000000111100000
0000001111100010001000111110000000111100111110011100000000111000110110001110000000011100111110011110000000111110001
0000000111111110001111111100000000011110001110000111110000110011100011100110000111110000111000111100000000011111111
0000001111111100000111111110000001111110001111100101111111111111000001111111111111010011111000111111000000111111110
1000001101111000100011110110000011111110011101110010000000111100000000011110000000100111011100111111100000110111100
0000001000000001110000000010000001111101111001111011000000000000000000000000000001101111001111011111000000100000000
0000011000000011111000000011000000000001110001111001100000000000000000000000000011001111000111000000000001100000001
1000000000000011111000000000000011000100000101111001110000000000000000000000000111001111010000010001100000000000001
1100000000000011111000000000000111111110001100110000111100000011000001100000011110000110011000111111110000000000001
1100000000000001110000000000000111111011101110000000011111100001100011000011111100000000111011101111110000000000000
1000000000000000100000000000000011110111011111000000011111110001100011000111111100000001111101110111100000000000000
0000001100000010101000000110000000001111011111100000110111111111100011111111110110000011111101111000000000110000001
0000011000111001110011100011000000001111011011100000000011111111000001111111100000000011101101111000000001100011100
0000011001111110101111110011000000000111011011000000000001111110000000111111000000000001101101110000000001100111111
0000001111111000100011111110000000000110011011000000000000111100000000011110000000000001101100110000000000111111100
