0000000000001000000000000
0000000000010100000000000
0000000000101010000000000
0000000001010101000000000
0000100110101010110010000
0000011011011101101100000
0000011011101011101100000
0000100011110111100010000
0000111101110111011110000
0001011110110110111101000
0010101111010101111010100
0101010111101011110101010
1010111000011100001110101
0101010111101011110101010
0010101111010101111010100
0001011110110110111101000
0000111101110111011110000
0000100011110111100010000
0000011011101011101100000
0000011011011101101100000
0000100110101010110010000
0000000001010101000000000
0000000000101010000000000
0000000000010100000000000
0000000000001000000000000
