00000111111111111111111100000
00001000000000000000000010000
00010001011000011010000001000
00100000110100101100000000100
01000001110000001110000000010
10000001001000010010000000001
10000000100100100100000000001
10000000000011000000000000001
10010000000111000000001000001
10100000001111000000000100001
10010000001111000000001000001
10001111111111111111110000001
10001111111111111111110000001
10010000000110000000001000001
10100001000110000000000100001
10010010100110000000001000001
10000100000110100000000001001
10001110000111110000011000101
10010111000110111000111101001
10100011000110011001100111001
10010011000110011001100000001
10000011000110011001111110001
10000011100111011000111111001
10000001110011111000000011001
10000000100001011001100011001
10000001010000011010011110001
10000000100000011010001100001
10000000000000011001000000001
10000000000000100000000000001
10000000000001000000000000001
10000000000001010000000000001
11000000000000100000000000011
11100000000000000000000000111
01111111111111111111111111110
