0000000010000000000000101001000001111111111110001111111111110000010010100000000000001000000000000010100100000111111
0000001101100000000001101010000010000000000001010000000000001000001010110000000000110110000000000110101000001000000
0011101000101110000000011010000101111111111100100111111111110100001011000000001110100010111000000001101000010111111
0010010000010010000001111010001010010100000010001000000101001010001011110000001001000001001000000111101000101001010
0010010010010010000000000110010100010100000001010000000101000101001100000000001001001001001000000000011001010001010
0001110010011100000000111110101000010101000001010000010101000010101111100000000111001001110000000011111010100001010
0110001101100011000001000001010000101000111010101011100010100001010000010000011000110110001100000100000101000010100
0100001000100001000000000001010001010000100100100100100001010001010000000000010000100010000100000000000101000101000
1000110000011000100000000001010010100010100101010100101000101001010000000000100011000001100010000000000101001010001
0100001000100001000000111111111101000110011100100111001100010111111111100000010000100010000100000011111111110100011
0110001101100011000001000000000010000001100011011000110000001000000000010000011000110110001100000100000000001000000
0001110010011100000010111111111100000001000010001000010000000111111111101000000111001001110000001011111111110000000
0010010101010010000101001010000000000010001100000110001000000000001010010100001001010101001000010100101000000000001
0010010010010010001010001010000000000001000010001000010000000000001010001010001001001001001000101000101000000000000
0011101010101110010100001010000010000001100011011000110000001000001010000101001110101010111001010000101000001000000
0000000101000000101000010101111100000110011100100111001100000111110101000010100000010100000010100001010111110000011
0000000101000000101000101001100000001010100100100100101010000000110010100010100000010100000010100010100110000000101
0000001000100000101001010001011110001100100100000100100110001111010001010010100000100010000010100101000101111000110
1111110010011111111110100001011000010000111010001011100001000011010000101111111111001001111111111010000101100001000
0000000101000000000001000001010110000011000011011000011000001101010000010000000000010100000000000100000101011000001
1111111000111111111110000010010100000001000000100000010000000101001000001111111111100011111111111000001001010000000
