01111100000000011111011111000000000111110
10001011111111101000100010111111111010001
10010100000000010100100101000000000101001
10101001000001001010101010010000010010101
11010001100011000101110100011000110001011
10100001110111000010101000011101110000101
01000001011101000001010000010111010000010
01011110001000111101010111100010001111010
01001100010100011001010011000000000110010
01000110100010110001010001100010001100010
01000011000001100001010000110111011000010
01000110100010110001010001100010001100010
01001100010100011001010011000000000110010
01011110001000111101010111100010001111010
01000001011101000001010000010111010000010
10100001110111000010101000011101110000101
11010001100011000101110100011000110001011
10101001000001001010101010010000010010101
10010100000000010100100101000000000101001
10001011111111101000100010111111111010001
01111100000000011111011111000000000111110
10001011111111101000100010111111111010001
10010100000000010100100101000000000101001
10101001000001001010101010010000010010101
11010001100011000101110100011000110001011
10100001110111000010101000011101110000101
01000001011101000001010000010111010000010
01011110001000111101010111100010001111010
01001100000000011001010011000101000110010
01000110001000110001010001101000101100010
01000011011101100001010000110000011000010
01000110001000110001010001101000101100010
01001100000000011001010011000101000110010
01011110001000111101010111100010001111010
01000001011101000001010000010111010000010
10100001110111000010101000011101110000101
11010001100011000101110100011000110001011
10101001000001001010101010010000010010101
10010100000000010100100101000000000101001
10001011111111101000100010111111111010001
01111100000000011111011111000000000111110
