0000000000000000000000000000000000111110000000000011111000000000000000000000000000000000000000111110000000000011111
0000100000000000000000001000000001000001000000000100000100000000100000000000000000001000000001000001000000000100000
0001110000001101100000011100000010000100100000001001000010000001110000001101100000011100000010000100100000001001000
0010101000110010011000101010000100001110010000010011100001000010101000110010011000101010000100001110010000010011100
0111011100110010011001110111001000010101001000100101010000100111011100110010011001110111001000010101001000100101010
0010101001001010100100101010010000111011100101001110111000010010101001001010100100101010010000111011100101001110111
1001110001000101000100011100111000010101001000100101010000001001110001000101000100011100111000010101001000100101010
1100100000111000111000001001111100101110100101001011101000011100100000111000111000001001111100101110100101001011101
1110010001000101000100010010000010010101000101000101010000111110010001000101000100010010000010010101000101000101010
0001010001001010100100010010011010011011000101000110110001000001010001001010100100010010011010011011000101000110110
1001001100110010011001100010011010000100001010100001000001011001001100110010011001100010011010000100001010100001000
1001000010110010011010000010000100000011110010011110000001011001000010110010011010000010000100000011110010011110000
0001000000001101100000000001000000000000000010000000000000100001000000001101100000000001000000000000000010000000000
0010000011100010001110000000100000000011100101001110000000000010000011100010001110000000100000000011100101001110000
0100010100010010010001010000011000000100010010010001000000000100010100010010010001010000011000000100010010010001000
1000001000001101100000100000011000001000001101100000100000011000001000001101100000100000011000001000001101100000100
1000000100010010010001000000000100010100010010010001010000011000000100010010010001000000000100010100010010010001010
0000000011100101001110000000000010000011100010001110000000100000000011100101001110000000000010000011100010001110000
0000000000000010000000000000100001000000001101100000000001000000000000000010000000000000100001000000001101100000000
0100000011110010011110000001011001000010110010011010000010000100000011110010011110000001011001000010110010011010000
1010000100001010100001000001011001001100110010011001100010011010000100001010100001000001011001001100110010011001100
1010011011000101000110110001000001010001001010100100010010011010011011000101000110110001000001010001001010100100010
0010010101000101000101010000111110010001000101000100010010000010010101000101000101010000111110010001000101000100010
1100101110100101001011101000011100100000111000111000001001111100101110100101001011101000011100100000111000111000001
1000010101001000100101010000001001110001000101000100011100111000010101001000100101010000001001110001000101000100011
0000111011100101001110111000010010101001001010100100101010010000111011100101001110111000010010101001001010100100101
1000010101001000100101010000100111011100110010011001110111001000010101001000100101010000100111011100110010011001110
0100001110010000010011100001000010101000110010011000101010000100001110010000010011100001000010101000110010011000101
0010000100100000001001000010000001110000001101100000011100000010000100100000001001000010000001110000001101100000011
0001000001000000000100000100000000100000000000000000001000000001000001000000000100000100000000100000000000000000001
0000111110000000000011111000000000000000000000000000000000000000111110000000000011111000000000000000000000000000000
