0011110000000100000001111000001111000000010000000111100000111100000001000000011110000011110000000100000001111000001
0110001000000100000010001100011000100000010000001000110001100010000001000000100011000110001000000100000010001100011
0100010110001010001101000100010001011000101000110100010001000101100010100011010001000100010110001010001101000100010
1100101001001010010010100110110010100100101001001010011011001010010010100100101001101100101001001010010010100110110
1101001000001010000010010110110100100000101000001001011011010010000010100000100101101101001000001010000010010110110
1101011000010001000011010110110101100001000100001101011011010110000100010000110101101101011000010001000011010110110
1101011000010001000011010110110101100001000100001101011011010110000100010000110101101101011000010001000011010110110
0101010100010001000101010100010101010001000100010101010001010101000100010001010101000101010100010001000101010100010
0100100010001010001000100100010010001000101000100010010001001000100010100010001001000100100010001010001000100100010
0010010010000100001001001000001001001000010000100100100000100100100001000010010010000010010010000100001001001000001
0010001010000100001010001001001000101000010000101000100100100010100001000010100010010010001010000100001010001001001
0001000100001010000100010001000100010000101000010001000100010001000010100001000100010001000100001010000100010001000
1000111011110101111011100011100011101111010111101110001110001110111101011110111000111000111011110101111011100011100
1100000000001010000000000111110000000000101000000000011111000000000010100000000001111100000000001010000000000111110
1110000000000100000000001111111000000000010000000000111111100000000001000000000011111110000000000100000000001111111
