0000001000100000100000000011100000000010000010001000000
0110010000100000101111111101011111111010000010000100110
0101100001000001101101111010101111011011000001000011010
0011000001000001001000110110110110001001000001000001100
0010100010000001001101101110111011011001000000100010100
0100011100000010001111011110111101111000100000011100010
1000011011000100001110110110110110111000010001101100001
0000010100111000001101100010100011011000001110010100000
0000101010000000001011110110110111101000000000101010000
0011001001110100010111111110111111110100010111001001100
1100000101010100101000000000000000001010010101010000011
0000000101111001010000000111110000000101001111010000000
0000000100010010100000011100011100000010100100010000000
0000001001100101000000100000000010000001010011001000000
0000010000001010011001000000000001001100101000000100000
0011100000010100100010000000000000100010010100000011100
1110000000101001111010000000000000101111001010000000111
0000000001010010101010000011100000101010100101000000000
0111111110100010111001001100011001001110100010111111110
0110111101000000000101010000000101010000000001011110110
0100011011000001110010100000000010100111000001101100010
0110110111000010001101100001000011011000100001110110110
0111101111000100000011100010100011100000010001111011110
0111011011001000000100010100010100010000001001101101110
0110110001001000001000001100011000001000001001000110110
0101111011011000001000011010101100001000001101101111010
1011111111010000010000100110110010000100000101111111101
1100000000010000010001000000000001000100000100000000011
1011111111010000010000100110110010000100000101111111101
0101111011011000001000011010101100001000001101101111010
0110110001001000001000001100011000001000001001000110110
0111011011001000000100010100010100010000001001101101110
0111101111000100000011100010100011100000010001111011110
0110110111000010001101100001000011011000100001110110110
0100011011000001110010100000000010100111000001101100010
0110111101000000000101010000000101010000000001011110110
0111111110100010111001001100011001001110100010111111110
0000000001010010101010000011100000101010100101000000000
1110000000101001111010000000000000101111001010000000111
0011100000010100100010000000000000100010010100000011100
0000010000001010011001000000000001001100101000000100000
0000001001100101000000100000000010000001010011001000000
0000000100010010100000011100011100000010100100010000000
0000000101111001010000000111110000000101001111010000000
1100000101010100101000000000000000001010010101010000011
0011001001110100010111111110111111110100010111001001100
0000101010000000001011110110110111101000000000101010000
0000010100111000001101100010100011011000001110010100000
1000011011000100001110110110110110111000010001101100001
0100011100000010001111011110111101111000100000011100010
0010100010000001001101101110111011011001000000100010100
0011000001000001001000110110110110001001000001000001100
0101100001000001101101111010101111011011000001000011010
0110010000100000101111111101011111111010000010000100110
0000001000100000100000000011100000000010000010001000000
