0000000001000000000000100000000000000010000000000000001000000000000100000000000010000000000000001000000000000000100
0011100010100011100001110000011100000101000001110000011100001110001010001110000111000001110000010100000111000001110
0110010100010100110000100000110010001000100010011000001000011001010001010011000010000011001000100010001001100000100
1001001001001001001001010001001001010010010100100100010100100100100100100100100101000100100101001001010010010001010
1001001011101001001011111001000100100010001001000100111110100100101110100100101111100100010010001000100100010011111
0101001001001001010101010110100100100101001001001011010101010100100100100101010101011010010010010100100100101101010
0001001000001001000011111000000100100101001001000000111110000100100000100100001111100000010010010100100100000011111
0000100100010010000000100000000100010101010001000000001000000010010001001000000010000000010001010101000100000000100
0000010010100100000011111000000010001010100010000000111110000001001010010000001111100000001000101010001000000011111
0000001101011000000110101100000001001010100100000001101011000000110101100000011010110000000100101010010000000110101
0000000010100000001101110110000000101010101000000011011101100000001010000000110111011000000010101010100000001101110
0000000101010000011011111011000001010101010100000110111110110000010101000001101111101100000101010101010000011011111
0000001011101000110111111101100001010101010100001101111111011000101110100011011111110110000101010101010000110111111
