010000110010001000100010011000010
101111001001010101010100100111101
010111100000100010001000001111010
011011110001010101010100011110110
011101111010001000100010111101110
011110000001010101010100000011110
101110000010100010001010000011101
100110000100000000000001000011001
010010001000100101001000100010010
000000010000110010011000010000000
100010100000111010111000001010001
010101000000111101111000000101010
001000101111011101110111101000100
010101000111101101101111000101010
100010000011110101011110000010001
010101001001111010111100100101010
001000100110000101000011001000100
010101001001111010111100100101010
100010000011110101011110000010001
010101000111101101101111000101010
001000101111011101110111101000100
010101000000111101111000000101010
100010100000111010111000001010001
000000010000110010011000010000000
010010001000100101001000100010010
100110000100000000000001000011001
101110000010100010001010000011101
011110000001010101010100000011110
011101111010001000100010111101110
011011110001010101010100011110110
010111100000100010001000001111010
101111001001010101010100100111101
010000110010001000100010011000010
