0000010000000000000001000000000000000100000000000000010000000000000001000000000000000100000000000000010000000000000
0000111000000000000011100000000000001110000000000000111000000000000011100000000000001110000000000000111000000000000
0001111100000000000111110000000000011111000000000001111100000000000111110000000000011111000000000001111100000000000
0010111010000000001011101000000000101110100000000010111010000000001011101000000000101110100000000010111010000000001
0111010111000000011101011100000001110101110000000111010111000000011101011100000001110101110000000111010111000000011
1101010101100000110101010110000011010101011000001101010101100000110101010110000011010101011000001101010101100000110
1000010000110000010001000100000110000100001100000100010001000001100001000011000001000100010000011000010000110000010
1000111000100000011011101100000010001110001000000110111011000000100011100010000001101110110000001000111000100000011
0000010000010001001001001001000100000100000100010010010010010001000001000001000100100100100100010000010000010001001
1101010101111011110101010111101111010101011110111101010101111011110101010111101111010101011110111101010101111011110
1101010101110001110101010111000111010101011100011101010101110001110101010111000111010101011100011101010101110001110
0011111110000000001111111000000000111111100000000011111110000000001111111000000000111111100000000011111110000000001
1111111111100000111111111110000011111111111000001111111111100000111111111110000011111111111000001111111111100000111
1001111100110001100111110011000110011111001100011001111100110001100111110011000110011111001100011001111100110001100
1010111010110001101011101011000110101110101100011010111010110001101011101011000110101110101100011010111010110001101
1110111011100000111011101110000011101110111000001110111011100000111011101110000011101110111000001110111011100000111
0000111000000100000011100000010000001110000001000000111000000100000011100000010000001110000001000000111000000100000
0000111000001110000011100000111000001110000011100000111000001110000011100000111000001110000011100000111000001110000
0001101100011011000110110001101100011011000110110001101100011011000110110001101100011011000110110001101100011011000
1111000111110001111100011111000111110001111100011111000111110001111100011111000111110001111100011111000111110001111
1110000011100000111000001110000011100000111000001110000011100000111000001110000011100000111000001110000011100000111
