1000110000000000000000000000000000000000000110000001000000110000000000000000000000000000000000000110001
1101100000000000000000000000000000000000011111000001000001111100000000000000000000000000000000000011011
1011000000000000000000000000000000000000100111101011101011110010000000000000000000000000000000000001101
1111100000000000000000000000000000001001001111001111111001111001001000000000000000000000000000000011111
1111100000000000000000000000000000011100000110000111110000110000011100000000000000000000000000000011111
1001000001111000111110000000000000111111001111010111110101111001111110000000000000111110001111000001001
0110000011111101111110000000000000110011011111011110111101111101100110000000000000111111011111100000110
1100000011111111011110000000000000110110011111001110111001111100110110000000000000111101111111100000011
1000000011111110101110000001111111110110111110101110111010111110110111111111000000111010111111100000001
1011100001111101011110000011111111110010111110111110111110111110100111111111100000111101011111000011101
0111110000111010111100000111110000111000111110011110111100111110001110000111110000011110101110000111110
1100010000001101011110001111100000011100111110101110111010111110011100000011111000111101011000000100011
1110000000011010111111011111000111001110111110111110111110111110111001110001111101111110101100000000111
0011000000110101111111011111001111100110111110011110111100111110110011111001111101111111010110000001100
0001100001101011111111011110001111110110111111001111111001111110110111111000111101111111101011000011000
1000110011110110001110011100000110011100011111100111110011111100011100110000011100111000110111100110001
1100010011111100000000011100110000001101001111111011101111111001011000000110011100000000011111100100011
0111110001110000001100011100011000001101100011111101011111100011011000001100011100011000000111000111110
1011100011000000011110001110011000001100011000000010100000001100011000001100111000111100000001100011101
1000000110011110011000000111110000001100111110000001000000111110011000000111110000001100111100110000001
1000011100001111010011111011100110011001111111110001000111111111001100110011101111100101111000011100001
1001110000000111110111111100001111011011111111111111111111111111101101111000011111110111110000000111001
1011100000000000110100001111001111011011111100000111110000011111101101111001111000010110000000000011101
1110000000000011111000000011100111011010000000100011100010000000101101110011100000001111100000000000111
1100111100000111000111111001100011110000000000110001000110000000000111100011001111110001110000011110011
1001111110001110010111111101100011100111111100011101011100011111110011100011011111110100111000111111001
1011111010001100110011111101000011011111111111001111111001111111111101100001011111100110011000101111101
1011110000001000111000000110000110111111110111100111110011110111111110110000110000001110001000000111101
1011111000000000111100000111000111101111111011110011100111101111111011110001110000011110000000001111101
1011111100000000011111111101100101110000111101111011101111011110000111010011011111111100000000011111101
1011111110000000001111111000111111000000001111111010101111111000000001111110001111111000000000111111101
1101111100000000000111100001111110001111100111111100011111110011111000111111000011110000000000011111011
1100111000000000000000000110111100111111110001111001001111000111111110011110110000000000000000001110011
1101000000000000000000000110111001111111100100000101010000010011111111001110110000000000000000000001011
1011110000000000000011100000111011111110001010101010101010101000111111101110000011100000000000000111101
0111111000000000000111110000110011111100001010101010101010101000011111100110000111110000000000001111110
0111111000000001111111111000110111111000010101010101010101010100001111110110001111111111000000001111110
0001111011100000111110011111110111110000010101010101010101010100000111110111111100111110000011101111000
1100100111110000011101101011110111110011001010101010101010101001100111110111101011011100000111110010011
1110000011111000001101101101110111110111101010101010101010101011110111110111011011011000001111100000111
1110011001111000011110011110110111110111100001000001000001000011110111110110111100111100001111001100111
1110111101110000111011111110111011101111110011100011100011100111111011101110111111101110000111011110111
0101111101100000111011111000011011101101110111110111110111110111011011101100001111101110000011011111010
1010111000111000111011100000001101101101110110110110110110110111011011011000000011101110001110001110101
0101010110011100010011000111100111101111110111110110110111110111111011110011110001100100011100110101010
1010111111011110000001001100111111101111110111110110110111110111111011111110011001000000111101111110101
0101011111011110000000001011010000110111110011110111110111100111110110000101101000000000111101111101010
1010111110011100000000001011010000011001111001111011101111001111001100000101101000000000011100111110101
0101010000111000000000001100110001111110111100111101011110011110111111000110011000000000001110000101010
1010111101100000000000000111100011100111011110001110111000111101110011100011110000000000000011011110101
0101111110111000000000000000000110000011100111100011100011110011100000110000000000000000001110111111010
0111001100111100000000000000000100011100111001111101011111001110011100010000000000000000011110011001110
0111000001111100000000110111000000110110000011011001001101100000110110000001110110000000011111000001110
0111000011111100000000110111011110100010000110011001001100110000100010111101110110000000011111100001110
0011001111110011111000000010111110110110000100011001001100010000110110111110100000001111100111111001100
0000011101100111111110011100111110011100000000001001001000000000011100111110011100111111110011011100000
1010111100001111101111001110111100000000000000000001000000000000000000011110111001111011111000011110101
1111111100001100110111100110100000000000000000001101011000000000000000000010110011110110011000011111111
0111110000001000011011100110011111000100000000011001001100000000010001111100110011101100001000000111110
1000000000000000001111100110111111101100000000011001001100000000011011111110110011111000000000000000001
1000000000000000110111011110111111101110000000001101011000000000111011111110111101110110000000000000001
1000010000000000110000011110011111101111000000010111110100000001111011111100111100000110000000000100001
1100111000000000001111111101100110001111100000011011101100000011111000110011011111111000000000001110011
0110111000000001110111111011111001110111100000111001001110000011110111001111101111110111000000001110110
0110111011000011110000000011111100111011100011111001001111100011101110011111100000000111100001101110110
0011011011100011100111101101111110011101100111111001001111110011011100111111011011110011100011101101100
0011011011100011001111011101111110101111001111111001001111111001111010111111011101111001100011101101100
0001110011100001001111011110111101110111011111110011100111111101110111011110111101111001000011100111000
1100110011000000001111011110011100011111011111100110110011111101111100011100111101111000000001100110011
1110011010010000001111011111000000000001011111001100011001111101000000000001111101111000000100101100111
1110011010111000001111011111000000000001011110001100011000111101000000000001111101111000001110101100111
1110001110111000000000001110000111111111011110001100011000111101111111110000111000000000001110111000111
1110000111110000000000000000001111111111101111001100011001111011111111111000000000000000000111110000111
1100000011000000000111100000011000000000110111100110110011110110000000001100000011110000000001100000011
0101110001100000001111110000110000000000011011110011100111101100000000000110000111111000000011000111010
1011111000011000011111110001100000000000001101111011101111011000000000000011000111111100001100001111101
1011111100110100011011110011000000000000000110111011101110110000000000000001100111101100010110011111101
1011111000100000011011100110011000000000000011011011101101100000000000001100110011101100000010001111101
1011000000111100001100001110111100000001000011011110111101100001000000011110111000011000011110000001101
1011110000111110000111111111111100001001100111011110111101110011001000011111111111110000111110000111101
1111111000011111111111111110011000010001111110011100011100111111000100001100111111111111111100001111111
