0100000000001000000000000000000000100000000001000000000010000000000000000000001000000000010000000000100000000000000
1110100000011100000000000000000001110000001011101000000111000000000000000000011100000010111010000001110000000000000
0101110001110110000000000000000011011100011101011100011101100000000000000000110111000111010111000111011000000000000
1111011000011100000000000000000001110000110111110110000111000000000000000000011100001101111101100001110000000000000
1110011000001100000000000000000001100000110011100110000011000000000000000000011000001100111001100000110000000000000
0100110110001110000000000000000011100011011001001101100011100000000000000000111000110110010011011000111000000000000
1110101100011111000000000000000111110001101011101011000111110000000000000001111100011010111010110001111100000000000
0100011000111011100000000000001110111000110001000110001110111000000000000011101110001100010001100011101110000000000
1110110000110001110000000000011100011000011011101100001100011100000000000111000110000110111011000011000111000000000
1111011000111011011000000000110110111000110111110110001110110110000000001101101110001101111101100011101101100000000
1011101100011111101100000001101111110001101110111011000111111011000000011011111100011011101110110001111110110000000
0001110110001010110110000011011010100011011100011101100010101101100000110110101000110111000111011000101011011000001
0000111010001010011011000110110010100010111000001110100010100110110001101100101000101110000011101000101001101100011
0000011100010101001101101101100101010001110000000111000101010011011011011001010100011100000001110001010100110110110
