1111111011111111000001110010000010000010011100000111111110111111110000011100100000100000100111000001111111101111111
0000000100000000100011101001000111000100101110001000000001000000001000111010010001110001001011100010000000010000000
1111111011111111010111000110010010010011000111010111111110111111110101110001100100100100110001110101111111101111111
1010001110000000101000100000111010111000001000101010100011100000001010001000001110101110000010001010101000111000000
1010000100000000010101110000011101110000011101010010100001000000000101011100000111011100000111010100101000010000000
1010000100001010010100100001001010100100001001010010100001000010100101001000010010101001000010010100101000010000101
0100101110100101010100100011110111011110001001010101001011101001010101001000111101110111100010010101010010111010010
1001110101110010111111110001001010100100011111111010011101011100101111111100010010101001000111111110100111010111001
0000111011100001000000001000011101110000100000000100001110111000010000000010000111011100001000000001000011101110000
0010010101001000111111110100111010111001011111111000100101010010001111111101001110101110010111111110001001010100100
0111101110111100010010101010010111010010101010010001111011101111000100101010100101110100101010100100011110111011110
0010010101001000010010100101000010000101001010010000100101010010000100101001010000100001010010100100001001010100100
0000111011100000111010100101000010000101001010111000001110111000001110101001010000100001010010101110000011101110000
0001110101110000010001010101000111000101010100010000011101011100000100010101010001110001010101000100000111010111000
1100100100100110001110101111111101111111101011100011001001001001100011101011111111011111111010111000110010010010011
0010001110001001011100010000000010000000010001110100100011100010010111000100000000100000000100011101001000111000100
0100000100000100111000001111111101111111100000111001000001000001001110000011111111011111111000001110010000010000010
