1111111111111111111111111111111111111111111111111111111
1000000000000000000000000000000000000000000000000000001
1011110011111111111111100000000011111111111111100111101
1010010010000000000000010000000100000000000000100100101
1010010010000000000000001000001000000000000000100100101
1011111111110000000000000100010000000000000111111111101
1000010010010000000000000010100000000000000100100100001
1000010010010011111111000001000001111111100100100100001
1011111111110101000000100010100010000001010111111111101
1010010010001001000000010100010100000001001000100100101
1010010010010001000000001000001000000001000100100100101
1010011110100001000000010100010100000001000010111100101
1010000001000001000000100010100010000001000001000000101
1010000010000001000001000001000001000001000000100000101
1010000100000001000010000000000000100001000000010000101
1010000111111111000100100000000010010001111111110000101
1010000100000000101000110000000110001010000000010000101
1010000100000000010000111000001110000100000000010000101
1010000100000000100000111100011110000010000000010000101
1010000100000001000000111110111110000001000000010000101
1010000100000010000000111110111110000000100000010000101
1010000100000100000000111110111110000000010000010000101
1010000010001001111111011110111101111111001000100000101
1001000001010000111111101110111011111110000101000001001
1000100000100000011111110110110111111100000010000010001
1000010001010000001111111010101111111000000101000100001
1000001010001000000111111101011111110000001000101000001
1000000100000100000000000011100000000000010000010000001
1000001010001000000111111101011111110000001000101000001
1000010001010000001111111010101111111000000101000100001
1000100000100000011111110110110111111100000010000010001
1001000001010000111111101110111011111110000101000001001
1010000010001001111111011110111101111111001000100000101
1010000100000100000000111110111110000000010000010000101
1010000100000010000000111110111110000000100000010000101
1010000100000001000000111110111110000001000000010000101
1010000100000000100000111100011110000010000000010000101
1010000100000000010000111000001110000100000000010000101
1010000100000000101000110000000110001010000000010000101
1010000111111111000100100000000010010001111111110000101
1010000100000001000010000000000000100001000000010000101
1010000010000001000001000001000001000001000000100000101
1010000001000001000000100010100010000001000001000000101
1010011110100001000000010100010100000001000010111100101
1010010010010001000000001000001000000001000100100100101
1010010010001001000000010100010100000001001000100100101
1011111111110101000000100010100010000001010111111111101
1000010010010011111111000001000001111111100100100100001
1000010010010000000000000010100000000000000100100100001
1011111111110000000000000100010000000000000111111111101
1010010010000000000000001000001000000000000000100100101
1010010010000000000000010000000100000000000000100100101
1011110011111111111111100000000011111111111111100111101
1000000000000000000000000000000000000000000000000000001
1111111111111111111111111111111111111111111111111111111
