0000010100000111111000000011111100000101000000100000000100000000100000010100000111111000000011111100000101000000100
0000001000001000000100000100000010000010000001000000001010000000010000001000001000000100000100000010000010000001000
1000010110010000000010001000000001001101000011000010010001001000011000010110010000000010001000000001001101000011000
0100000110100111111001010011111100101100000101000011001010011000010100000110100111111001010011111100101100000101000
0010000001001000000100100100000010010000001001000010100100101000010010000001001000000100100100000010010000001001000
1001000010011000000010001000000011001000010010000010010101001000001001000010011000000010001000000011001000010010000
0101000100100110010001010001001100100100010100111101001010010111100101000100100110010001010001001100100100010100111
0011001001000110011000100011001100010010011000010011001010011001000011001001000110011000100011001100010010011000010
0001010010000001010100100101010000001001010000001000101010100010000001010010000001010100100101010000001001010000001
0000100100000000010010101001000000000100100000100100001010000100100000100100000000010010101001000000000100100000100
0000100100000111101001010010111100000100100001010011110101111001010000100100000111101001010010111100000100100001010
1001111110000010011001010011001000001111110010001100001110000110001001111110000010011001010011001000001111110010001
0010100101000001000101010100010000010100101001010011110101111001010010100101000001000101010100010000010100101001010
0011011011000100100001010000100100011011011000100100001010000100100011011011000100100001010000100100011011011000100
0010100101001010011110101111001010010100101000001000101010100010000010100101001010011110101111001010010100101000001
0001111110010001100001110000110001001111110000010011001010011001000001111110010001100001110000110001001111110000010
0000100100001010011110101111001010000100100000111101001010010111100000100100001010011110101111001010000100100000111
0000100100000100100001010000100100000100100000000010010101001000000000100100000100100001010000100100000100100000000
0001001010000001000101010100010000001010010000001010100100101010000001001010000001000101010100010000001010010000001
0010010011000010011001010011001000011001001000110011000100011001100010010011000010011001010011001000011001001000110
0100100010100111101001010010111100101000100100110010001010001001100100100010100111101001010010111100101000100100110
1001000010010000010010101001000001001000010011000000010001000000011001000010010000010010101001000001001000010011000
0010000001001000010100100101000010010000001001000000100100100000010010000001001000010100100101000010010000001001000
0101100000101000011001010011000010100000110100111111001010011111100101100000101000011001010011000010100000110100111
1001101000011000010010001001000011000010110010000000010001000000001001101000011000010010001001000011000010110010000
0000010000001000000001010000000010000001000001000000100000100000010000010000001000000001010000000010000001000001000
0000101000000100000000100000000100000010100000111111000000011111100000101000000100000000100000000100000010100000111
