0001000001000000001000000001000001000000000000000000000000010000010000000010000000010000010000000000000000000000000
0110100011100000111110000011100010110000000000000000000001101000111000001111100000111000101100000000000000000000011
0001100111110000011100000111110011000000000000000000000000011001111100000111000001111100110000000000000000000000000
0001101111111000001000001111111011000000000000000000000000011011111110000010000011111110110000000000000000000000000
0011111011111000101010001111101111100011110111111101111000111110111110001010100011111011111000111101111111011110001
0111111010101001111111001010101111110000010001010001000001111110101010011111110010101011111100000100010100010000011
1111110010101011011101101010100111111011110111111101111011111100101010110111011010101001111110111101111111011110111
1111110010101000101010001010100111111010000001110000001011111100101010001010100010101001111110100000011100000010111
0110111000101000101010001010001110110011111111111111111001101110001010001010100010100011101100111111111111111110011
0010101100101000001000001010011010100011111111111111111000101011001010000010000010100110101000111111111111111110001
0010100110001000011100001000110010100010010010001001001000101001100010000111000010001100101000100100100010010010001
0010100011000010110110100001100010100010010010001001001000101000110000101101101000011000101000100100100010010010001
0101010001100011100011100011000101010011011011011011011001010100011000111000111000110001010100110110110110110110010
