1000001111000001000000000011100000000001000001111000001000000011111111111111100000000011111111111111100000001000001
0100010000100010100001100100010011000010100010000100010100000111111111111111110000000111111111111111110000010100010
1010100000010101010010010100010100100101010100000010101010001100000000000000001000001000000000000000011000101010100
1010100000010101000010001010101000100001010100000010101000011000000000000000000100010000000000000000001100001010100
1010010000100101000010010100010100100001010010000100101000110000001111000000000010100000000001111000000110001010010
1010001001000101000001010100010101000001010001001000101001100000010001000000000010100000000001000100000011001010001
0110001001000110001110101000001010111000110001001000110011000000100100100000000010100000000010010010000001100110001
0001101001011000010001000100010001000100001101001011000110000000011000100000000010100000000010001100000000110001101
1000010000100000010000100010100010000100000010000100001100000000000000010000000100010000000100000000000000011000010
1100010000100000010000100010100010000100000010000100011000000000010000010000000101010000000100000100000000001100010
1100011111100000001100010101010100011000000011111100011000001000100000010000000100010000000100000010001000001100011
1100000110000000000011001010101001100000000000110000011000000110010000001100001010101000011000000100110000001100000
1100001100000000000000110100010110000000000000011000011000000101001000000011110001000111100000001001010000001100001
1100011000000000000000001000001000000000000000001100011000000010100100000000000001000000000000010010100000001100011
1100110000000000001110000100010000111000000000000110011000001001010100000000000010100000000000010101001000001100110
1101100000000000110001100100010011000110000000000011011000010100110100000000000101010000000000010110010100001101100
0011000000000001000000010010100100000001000000000001100000000010001000000000000101010000000000001000100000000011000
1110000001110110000000001001001000000000110111000000111100000001110110000000001001001000000000110111000000011110000
0000000010001000000000000101010000000000001000100000000110000000000001000000010010100100000001000000000000110000000
1100010100110100000000000101010000000000010110010100011011000000000000110001100100010011000110000000000001101100010
1100001001010100000000000010100000000000010101001000011001100000000000001110000100010000111000000000000011001100001
1100000010100100000000000001000000000000010010100000011000110000000000000000001000001000000000000000000110001100000
1100000101001000000011110001000111100000001001010000011000011000000000000000110100010110000000000000001100001100000
1100000110010000001100001010101000011000000100110000011000001100000000000011001010101001100000000000011000001100000
1100001000100000010000000100010000000100000010001000011000111111000000001100010101010100011000000001111110001100001
1100000000010000010000000101010000000100000100000000011000100001000000010000100010100010000100000001000010001100000
1100000000000000010000000100010000000100000000000000011000100001000000010000100010100010000100000001000010001100000
0110000000011000100000000010100000000010001100000000110011010010110000010001000100010001000100000110100101100110000
0011000000100100100000000010100000000010010010000001100110010010011000001110101000001010111000001100100100110011000
0001100000010001000000000010100000000001000100000011000100010010001000000001010100010101000000001000100100010001100
0000110000001111000000000010100000000001111000000110000100100001001000000010010100010100100000001001000010010000110
0100011000000000000000000100010000000000000000001100010101000000101010000010001010101000100000101010000001010100011
0010001100000000000000001000001000000000000000011000100101000000101001000010010100010100100001001010000001010010001
1010000111111111111111110000000111111111111111110000101000100001000101000001100100010011000001010001000010001010000
1100000011111111111111100000000011111111111111100000011000011110000110000000000011100000000000110000111100001100000
