1100011000110001100001111001111100111100001100011000110001100001111001111100111100001100011000110001100001111001111
1110111000111011100011111100111001111110001110111000111011100011111100111001111110001110111000111011100011111100111
0110110010011011000110000110010011000011000110110010011011000110000110010011000011000110110010011011000110000110010
0001000111000100001100000011010110000001100001000111000100001100000011010110000001100001000111000100001100000011010
0110110010011011001101100001111100001101100110110010011011001101100001111100001101100110110010011011001101100001111
1110011010110011101101110011010110011101101110011010110011101101110011010110011101101110011010110011101101110011010
1100001111100001101100110110010011011001101100001111100001101100110110010011011001101100001111100001101100110110010
0000011010110000001100001000111000100001100000011010110000001100001000111000100001100000011010110000001100001000111
0000110010011000011000110110010011011000110000110010011000011000110110010011011000110000110010011000011000110110010
1111100111001111110001110111000111011100011111100111001111110001110111000111011100011111100111001111110001110111000
1111001111100111100001100011000110001100001111001111100111100001100011000110001100001111001111100111100001100011000
