0000000000000000000000000000001000001000000000000000000000000000000000000000000000001000001000000000000000000000000
1111000001111000001111000000001100011000000001111000001111000001111000001111000000001100011000000001111000001111000
0000100010000100010000100000001110111000000010000100010000100010000100010000100000001110111000000010000100010000100
0000010100000010100110010000001110111000000100110010100000010100000010100110010000001110111000000100110010100000010
1100001000011001001001010000001110111000000101001001001100001000011001001001010000001110111000000101001001001100001
0010000000100100001010010111110110110111110100101000010010000000100100001010010111110110110111110100101000010010000
0001000001000011001010010011111010101111100100101001100001000001000011001010010011111010101111100100101001100001000
0000101010000000101001100001111101011111000011001010000000101010000000101001100001111101011111000011001010000000101
0000011100000000010100000000000011100000000000010100000000011100000000010100000000000011100000000000010100000000011
0000001000000000001010000001111101011111000000101000000000001000000000001010000001111101011111000000101000000000001
0110001000110000000101000011111010101111100001010000000110001000110000000101000011111010101111100001010000000110001
1001001001001000000010100111110110110111110010100000001001001001001000000010100111110110110111110010100000001001001
1000101010001000000001010000001110111000000101000000001000101010001000000001010000001110111000000101000000001000101
1000010100001000000000101000001110111000001010000000001000010100001000000000101000001110111000001010000000001000010
0111100011110000000110010100001110111000010100110000000111100011110000000110010100001110111000010100110000000111100
1000010100001000001001010010001100011000100101001000001000010100001000001001010010001100011000100101001000001000010
1000101010001000001010010001001000001001000100101000001000101010001000001010010001001000001001000100101000001000101
1001001001001000001010010100110001000110010100101000001001001001001000001010010100110001000110010100101000001001001
0110001000110000001001101010000010100000101011001000000110001000110000001001101010000010100000101011001000000110001
0000101010000000000100010001000100010001000100010000000000101010000000000100010001000100010001000100010000000000101
0001011101000000000011100000111000001110000011100000000001011101000000000011100000111000001110000011100000000001011
0110001000110000000000000000000000000000000000000000000110001000110000000000000000000000000000000000000000000110001
