11000001000100010000011
10111100101010100111101
01011110010001001111010
01101110101010101110110
01110101000100010101110
01111010110001101011110
00110101111011110101100
10001010111011101010001
01010111011011011101010
00100111101010111100100
01010011110101111001010
10001000001110000010001
01010011110101111001010
00100111101010111100100
01010111011011011101010
10001010111011101010001
00110101111011110101100
01111010110001101011110
01110101000100010101110
01101110101010101110110
01011110010001001111010
10111100101010100111101
11000001000100010000011
