00000011001111111111000000000000001111110000000000000011111111110011000000
00000011001111111111000000000000001111110000000000000011111111110011000000
00001100110000000000111111111111110011001111111111111100000000001100110000
00001100110000000000111111111111110011001111111111111100000000001100110000
00110011000000000011110011111111001100110011111111001111000000000011001100
00110011000000000011110011111111001100110011111111001111000000000011001100
11001100110000000011000000111100111100111100111100000011000000001100110011
11001100110000000011000000111100111100111100111100000011000000001100110011
00110000001111110011110011110011111100111111001111001111001111110000001100
00110000001111110011110011110011111100111111001111001111001111110000001100
11000000001111000000111111001111111100111111110011111100000011110000000011
11000000001111000000111111001111111100111111110011111100000011110000000011
11000000001100111100001100111100111100111100111100110000111100110000000011
11000000001100111100001100111100111100111100111100110000111100110000000011
11000000000000110000001111110000001100110000001111110000001100000000000011
11000000000000110000001111110000001100110000001111110000001100000000000011
11000000000000000000110000111100111100111100111100001100000000000000000011
11000000000000000000110000111100111100111100111100001100000000000000000011
11001111110000000011000000001111110011001111110000000011000000001111110011
11001111110000000011000000001111110011001111110000000011000000001111110011
00111100111100001100000011000000000011000000000011000000110000111100111100
00111100111100001100000011000000000011000000000011000000110000111100111100
00110000001111110000001111001100000011000000110011110000001111110000001100
00110000001111110000001111001100000011000000110011110000001111110000001100
00111100111100110000000000111100000011000000111100000000001100111100111100
00111100111100110000000000111100000011000000111100000000001100111100111100
00111111110011111100000011111100000011000000111111000000111111001111111100
00111111110011111100000011111100000011000000111111000000111111001111111100
00111111001111001111000000000011001100110011000000000011110011110011111100
00111111001111001111000000000011001100110011000000000011110011110011111100
00111100111100000011000000000000110011001100000000000011000000111100111100
00111100111100000011000000000000110011001100000000000011000000111100111100
00110011111111001111000000000011001100110011000000000011110011111111001100
00110011111111001111000000000011001100110011000000000011110011111111001100
11001111111111111100000000001100110000001100110000000000111111111111110011
11001111111111111100000000001100110000001100110000000000111111111111110011
11110000000000000011111111110011000000000011001111111111000000000000001111
11110000000000000011111111110011000000000011001111111111000000000000001111
11001111111111111100000000001100110000001100110000000000111111111111110011
11001111111111111100000000001100110000001100110000000000111111111111110011
00110011111111001111000000000011001100110011000000000011110011111111001100
00110011111111001111000000000011001100110011000000000011110011111111001100
00111100111100000011000000000000110011001100000000000011000000111100111100
00111100111100000011000000000000110011001100000000000011000000111100111100
00111111001111001111000000000011001100110011000000000011110011110011111100
00111111001111001111000000000011001100110011000000000011110011110011111100
00111111110011111100000011111100000011000000111111000000111111001111111100
00111111110011111100000011111100000011000000111111000000111111001111111100
00111100111100110000000000111100000011000000111100000000001100111100111100
00111100111100110000000000111100000011000000111100000000001100111100111100
00110000001111110000001111001100000011000000110011110000001111110000001100
00110000001111110000001111001100000011000000110011110000001111110000001100
00111100111100001100000011000000000011000000000011000000110000111100111100
00111100111100001100000011000000000011000000000011000000110000111100111100
11001111110000000011000000001111110011001111110000000011000000001111110011
11001111110000000011000000001111110011001111110000000011000000001111110011
11000000000000000000110000111100111100111100111100001100000000000000000011
11000000000000000000110000111100111100111100111100001100000000000000000011
11000000000000110000001111110000001100110000001111110000001100000000000011
11000000000000110000001111110000001100110000001111110000001100000000000011
11000000001100111100001100111100111100111100111100110000111100110000000011
11000000001100111100001100111100111100111100111100110000111100110000000011
11000000001111000000111111001111111100111111110011111100000011110000000011
11000000001111000000111111001111111100111111110011111100000011110000000011
00110000001111110011110011110011111100111111001111001111001111110000001100
00110000001111110011110011110011111100111111001111001111001111110000001100
11001100110000000011000000111100111100111100111100000011000000001100110011
11001100110000000011000000111100111100111100111100000011000000001100110011
00110011000000000011110011111111001100110011111111001111000000000011001100
00110011000000000011110011111111001100110011111111001111000000000011001100
00001100110000000000111111111111110011001111111111111100000000001100110000
00001100110000000000111111111111110011001111111111111100000000001100110000
00000011001111111111000000000000001111110000000000000011111111110011000000
00000011001111111111000000000000001111110000000000000011111111110011000000
