0001000000010000000100000001000101010101000100000001000000010000000100010101010100010000000100000001000000010001010
0110100000111000001110000010110010010010011010000011100000111000001011001001001001101000001110000011100000101100100
0011100001101100011011000011100011111110001110000110110001101100001110001111111000111000011011000110110000111000111
0011110010100111110010100111100110010011001111001010011111001010011110011001001100111100101001111100101001111001100
0111111001010011100101001111110100010001011111100101001110010100111111010001000101111110010100111001010011111101000
1111111100101001001010011111111000010000111111110010100100101001111111100001000011111111001010010010100111111110000
0111111110010001000100111111110000010000011111111001000100010011111111000001000001111111100100010001001111111100000
0011111111000001000001111111100000010000001111111100000100000111111110000001000000111111110000010000011111111000000
0001010001100011100011000101000011111110000101000110001110001100010100001111111000010100011000111000110001010000111
0001010000110111110110000101000111111111000101000011011111011000010100011111111100010100001101111101100001010001111
0010101000011111111100001010101111111111101010100001111111110000101010111111111110101010000111111111000010101011111
