00000000000000000000011111000010000100010001000010000110000000000000000000000000
00000000000000000000011000000101001010000010100101000001000000000000000000000000
00000000000000000001100000100010000100111001000010001000111111111000000000000000
00000000000000000110000001010001110001111100011100010100001111111000000000000000
00000000000000001000001000100011111011101110111110001000100011111000000000000000
00000000000000110000010100011101111100000001111101110001010000111111000000000000
00000000000011000010001000111110001111101111100011111000100010001111000000000000
00000000000110000101000111000111110111000111011111000111000101000011000000000000
00000000001100100010001111100011100000000000001110001111100010000001111111111110
00000000011001010001110001111100000000000000000001111100011100000100111000100010
00000000110010100011111000111011111110000011111110111000111110001010011000100010
00000000100101011100011111000100000001000100000001000111110001110100011000100010
00000001000010101111101110001000000000101000000000100011101111101000001111111111
00000010000000110111000000010000000000010000000000010000000111011000001111000110
00000010001000111000000000100000000000000000000000001000000000111000100111000110
00000100010101011000000001000000111110000011111000000100000000110101010111000110
00000100001011011000000010000001000001000100000100000010000000110110100011111111
00011000000011010000100110000010000000101000000010000011001000010110000011110001
00011000100011100000010010000100000000010000000001000010010000001110001001110001
00011001010101110000001010001000000000000000000000100010100000011101010101110001
11110000101100110000100110010000001111000111100000010011001000011001101000111111
11110000001100110001111110010000010000101000010000010011111100011001100000011111
00110010001110100010000000010000100000010000001000010000000010001011100010011000
00100101010111000100000000010001000000000000000100010000000001000111010101001000
00100010110011001000000111110010000111000111000010011111000000100110011010001000
11100000110011010000001000000010001000101000100010000000100000010110011000001111
11101000111010100000010000000010010000010000010010000000010000001010111000101111
00010101011101000000100000011100100000000000001001110000001000000101110101010000
00001011001101000001000000100000100011000110001000001000000100000101100110100011
10000011001101000010000001000011100100101001001110000100000010000101100110000111
11000011101001000010000010000100001000010000100001000010000010000100101110000011
10001001110001000010000100001000001000010000100000100001000010000100011100100000
00010100111001000010000100010000100000000000001000010001000010000100111001010001
10001001011001000010000100010001000000000000000100010001000010000100110100100010
01000011011000100001000100010001000000111000000100010001000100001000110110000100
00100111010000010000100010001000100001101100001000100010001000010000010111001000
00010110000000001000010001000100011001010100110001000100010000100000000011010000
00100111010000010000100010001000100001101100001000100010001000010000010111001000
01000011011000100001000100010001000000111000000100010001000100001000110110000100
10001001011001000010000100010001000000000000000100010001000010000100110100100010
00010100111001000010000100010000100000000000001000010001000010000100111001010001
10001001110001000010000100001000001000010000100000100001000010000100011100100000
11000011101001000010000010000100001000010000100001000010000010000100101110000011
10000011001101000010000001000011100100101001001110000100000010000101100110000111
00001011001101000001000000100000100011000110001000001000000100000101100110100011
00010101011101000000100000011100100000000000001001110000001000000101110101010000
11101000111010100000010000000010010000010000010010000000010000001010111000101111
11100000110011010000001000000010001000101000100010000000100000010110011000001111
00100010110011001000000111110010000111000111000010011111000000100110011000001000
10100101010111000100000000010001000000000000000100010000000001000111010010001010
00110010001110100010000000010000100000010000001000010000000010001011100101011000
11110000001100110001111110010000010000101000010000010011111100011001100010011111
11110000101100110000100110010000001111000111100000010011001000011001100000011111
00011001010101110000001010001000000000000000000000100010100000011101001000110001
01011000100011100000010010000100000000010000000001000010010000001110010100110101
00011100000011010000100110000010000000101000000010000011001000010110001001110001
11111100001011011000000010000001000001000100000100000010000000110110000001111111
11111110010101011000000001000000111110000011111000000100000000110100100011111111
00111111001000111000000000100000000000000000000000001000000000111001010111111000
10100011000000110111000000010000000000010000000000010000000111011000100110001010
00101011100010101111101110001000000000101000000000100011101111101000001110101000
11100011100101011100011111000100000001000100000001000111110001110100001110001111
11111111110010100011111000111011111110000011111110111000111110001010011111111111
11111111110001010001110001111100000000000000000001111100011100000100011111111111
00100011111000100010001111100011100000000000001110001111100010000000100010001000
10101010001100000101000111000111110111000111011111000111010101000001101010101010
00100010101111000010001000111110001111101111100011111000100010000111100010001000
11111110001111110000010100011101111100000001111101110001010000011111111111111111
11000111111111111100001000100011111011101110111110001000100001111111111111000100
11010111000100011110000001010001110001111100011100010100000011111000100011010101
01000111010101011111100000100010000100111001000010001000001111111010101011000100
11111111000100010001111000000101001010000010100101000000111110001000100011111111
11111111111111110101111111000010000100010001000010000111111110101111111111111110
00011100011000110001000111111100000000101000000001111111000110001111110001110000
01101101011010111111010110001100100001000100001001100011010111111000110101101100
00101100011000111111000110101101110010000010011101101011000111111010110001101000
00001111111111110001111110001101110100010001011101100011111100011000111111100000
00001101111111110101000111111101010000111000010101111111000101011111111101100000
00000101101111110001010110001101110001101100011101100011010100011111101101000000
00000000101101111111000110101101010011000110010101101011000111111101101000000000
00000000000101101101111110001101110110000011011101100011111101101101000000000000
00000000000000101101111111111001010100000001010100111111111101101000000000000000
00000000000000000100111111110001110000010000011100011111111001000000000000000000
00000000000000000000000000000001010000101000010100000000000000000000000000000000
00000000000000000100111111110001110000010000011100011111111001000000000000000000
00000000000000101101111111111001010100000001010100111111111101101000000000000000
00000000000101101101111110001101110110000011011101100011111101101101000000000000
00000000101101111111000110101101010011000110010101101011000111111101101000000000
00000101101111110001010110001101110001101100011101100011010100011111101101000000
00001101110100010101000111111101010000111000010101111111000101010001111101100000
00001110000101010001111110001101110100010001011101100011111100010101000111100000
00101100000100011111000110101101110010000010011101101011000111110001010111101000
01101100000111111111010110001100100001000100001001100011010111111111000111101100
00011100000100010001000111111100000000101000000001111111000100011111111111110000
11111100000101010101111111000000000000010000000000000111111101010001100011111110
11111100000100010001111000000000000000000000000000000000111100010101101011111110
00000000000111111111100000000000000000000000000000000000001111110001100011111110
00000000000100011110000000000000000000000000000000000000000011111111111100011110
00000000000101011100000000000000000000000000000000000000000001111111000101010000
00000000000100011000000000000000000000000000000000000000000000011111010100010100
00000000000111100000000000000000000000000000000000000000000000000111000111110000
00000000000110000000000000000000000000000000000000000000000000000001111111111110
00000000000100000000000000000000000000000000000000000000000000000000111100010000
00000000000000000000000000000000000000000000000000000000000000000000011100010000
00000000000000000000000000000000000000000000000000000000000000000000011100010000
00000000000000000000000000000000000000000000000000000000000000000000001111111000
00000000000000000000000000000000000000000000000000000000000000000000001100000000
