1111111100000000000000000000000000000001111111111111110000000000000000000000000000000111111111111111000000000000000
1101110010000000000010010010000000000010011101110111001000000000001001001000000000001001110111011100100000000000100
1000100001000000000110111011000000000100001000100010000100000000011011101100000000010000100010001000010000000001101
1000100001000000000001000100000000000100001000100010000100000000000100010000000000010000100010001000010000000000010
1010010011100000000001111100000000001110010010101001001110000000000111110000000000111001001010100100111000000000011
1111001110111000000110111011000000111011100111111100111011100000011011101100000011101110011111110011101110000001101
1000000011100100001111010111100001001110000000100000001110010000111101011110000100111000000010000000111001000011110
1111100001000010001111010111100010000100001111111110000100001000111101011110001000010000111111111000010000100011110
1011110001000010000111111111000010000100011110101111000100001000011111111100001000010001111010111100010000100001111
1011110000100111000000010000000111001000011110101111000010011100000001000000011100100001111010111100001001110000000
1101100000011101110011111110011101110000001101110110000001110111001111111001110111000000110111011000000111011100111
1110000000000111001001010100100111000000000011111000000000011100100101010010011100000000001111100000000001110010010
0010000000000010000100010001000010000000000010001000000000001000010001000100001000000000001000100000000000100001000
1101100000000010000100010001000010000000001101110110000000001000010001000100001000000000110111011000000000100001000
1001000000000001001110111011100100000000000100100100000000000100111011101110010000000000010010010000000000010011101
0000000000000000111111111111111000000000000000000000000000000011111111111111100000000000000000000000000000001111111
