000000000000000000000001001000100100000000000000000000000
000000000000000000000011101101101110000000000000000000000
000000000000000000000010010111010010000000000000000000000
000000000000000000000000111010111000000000000000000000000
000000000000000000001110011101110011100000000000000000000
000000000000000000011111001101100111110000000000000000000
000000000000000000010001101101101100010000000000000000000
000000000000000000000001101101101100000000000000000000000
000000000000000001110001101101101100011100000000000000000
000000000000000011111001101101101100111110000000000000000
000000000000000011111101101101101101111110000000000000000
000000000000001001111101101101101101111100100000000000000
000000000000000000111011101101101110111000000000000000000
000000000000000111011011010101010110110111000000000000000
000000000000001111101011011010110110101111100000000000000
000000000000001111111011010101010110111111100000000000000
000000000000001111111101001111100101111111100000000000000
000000101100000111011000110000011000110111000001101000000
000000010010000000111000001111100000111000000010010000000
000000110100001001111111110111011111111100100001011000000
000000110000000011111101101111101101111110000000011000000
000001111000000011111011101111101110111110000000111100000
000001101100000001110111101111101111011100000001101100000
000001101110000000000111101111101111000000000011101100000
000001110110000000010111000111000111010000000011011100000
000000111011000000000000000010000000000000000110111000000
000000011011100000000000000010000000000000001110110000000
000000011101111100000000111010111000000001111101110000000
000000001110111111000001011010110100000111111011100000000
000000001111011111100000000111000000001111110111100000000
000000001111100011111111100010001111111110001111100000000
000000000111111100111111110010011111111001111111000000000
000000000011111111000000111010111000000111111110000000000
000000000000111111111111111111111111111111111000000000000
000000000000000111111111111111111111111111000000000000000
000000000001000011111111000010000111111110000100000000000
000000000000010000111000001010100000111000010000000000000
000000000110111000000000011101110000000000111011000000000
000000000110111011110000101101101000011110111011000000000
001111100000010111110001110101011100011111010000001111100
011111111011100111110000111010111000011111001110111111110
111110011101110111100001000101000100001111011101110011111
100011100110110100000000111010111000000001011011001110001
000001100110110011111001110101011100111110011011001100000
000001111110110111111100101101101001111111011011111100000
000110111101100111111100011101110001111111001101111011000
000110000011100011111100001010100001111110001110000011000
000000111111101100111001000010000100111001101111111000000
000111011100011111000000100111001000000111110001110111000
001111000000011111100001110010011100001111110000000111100
001110111101101111110011111010111110011111101101111011100
001101111011101111110111111010111111011111101110111101100
000101111011110111110111111010111111011111011110111101000
000001111011110000001011111010111110100000011110111100000
000101111011111000000101111010111101000000111110111101000
000000111011111001111010111010111010111100111110111000000
000000000001100111111101011010110101111111001100000000000
000000000000001001111110101010101011111100100000000000000
000000000000000000011111011010110111110000000000000000000
000000000001000000001111101010101111100000000100000000000
000000001110001111110111111101111111011111100011100000000
000000011010011111111000000010000000111111110010110000000
000000011000111100011100011111110001110001111000110000000
000000011001111001001101111111111101100100111100110000000
000000001111101000111111111111111111111000101111100000000
000000000111101000111101111111111101111000101111000000000
000000000001101110111000000111000000111011101100000000000
000000000001100000000000111111111000000000001100000000000
000000000001110100000011111111111110000001011100000000000
000000000000111000100111110010011111001000111000000000000
000000000001001111001111101101101111100111100100000000000
000000000000000111101111011111110111101111000000000000000
000000000000000000111111011111110111111000000000000000000
000000000000000000111111101101101111111000000000000000000
000000000000000110011111011111110111110011000000000000000
000000000000001111011111011111110111110111100000000000000
000000000000001000110011101101101110011000100000000000000
000000000000001111100001110010011100001111100000000000000
000000000000000111000000011101110000000111000000000000000
000000000000000000000000000111000000000000000000000000000
000000000000000000000000000111000000000000000000000000000
000000000000000000000000000111000000000000000000000000000
000000000000000000000001111111111100000000000000000000000
000000000000000000000011111111111110000000000000000000000
000000000000000000000011111111111110000000000000000000000
