111111111111111111111111111111111111111111111111111111111
110000110000110000000000000010000000000000011000011000011
101001001000111000010100000111000001010000111000100100101
100111000100111100110110001101100011011001111001000111001
100110000010110100001000000111000000100001011010000011001
101101000101111100110110000010000011011001111101000101101
110000111001111000010101111010111101010000111100111000011
110000111001110110000011011111110110000011011100111000011
101000111001101111000011001101100110000111101100111000101
100101000101101110000110000111000011000011101101000101001
100010000011100001000011000010000110000100001110000010001
100001111111100000100000000111000000001000001111111100001
111111111111110000010000001101100000010000011111111111111
111111110000111000111000011000110000111000111000011111111
101101101100011100010000110000011000010001110001101101101
100111011100001110000001100000001100000011100001110111001
100000011100000111111111111111111111111111000001110000001
100000001010000011111111111111111111111110000010100000001
100101000001010011101111000000000111101110010100000101001
101101100000111011010110100111001011010110111000001101101
100010000000010011101100110010011001101110010000000010001
101101100100000011111000111000111000111110000001001101101
100101011110000011110000111101111000011110000011110101001
100000111010000111100000111111111000001111000010111000001
100000100000001111011111101111101111110111100000001000001
100000110000011011001111010111010111100110110000011000001
100100111000110011000111101111101111000110011000111001001
101110011101100011010011111101111110010110001101110011101
111011110111000011011001111000111100110110000111011110111
101110011101100011010011111101111110010110001101110011101
100100111000110011000111101111101111000110011000111001001
100000110000011011001111010111010111100110110000011000001
100000100000001111011111101111101111110111100000001000001
100000111010000111100000111111111000001111000010111000001
100101011110000011110000111101111000011110000011110101001
101101100100000011111000111000111000111110000001001101101
100010000000010011101100110010011001101110010000000010001
101101100000111011010110100111001011010110111000001101101
100101000001010011101111000000000111101110010100000101001
100000001010000011111111111111111111111110000010100000001
100000011100000111111111111111111111111111000001110000001
100111011100001110000001100000001100000011100001110111001
101101101100011100010000110000011000010001110001101101101
111111110000111000111000011000110000111000111000011111111
111111111111110000010000001101100000010000011111111111111
100001111111100000100000000111000000001000001111111100001
100010000011100001000011000010000110000100001110000010001
100101000101101110000110000111000011000011101101000101001
101000111001101111000011001101100110000111101100111000101
110000111001110110000011011111110110000011011100111000011
110000111001111000010101111010111101010000111100111000011
101001000101111100110110000010000011011001111101000100101
101110000010110100001000000111000000100001011010000011101
100110000100111100110110001101100011011001111001000011001
101011001000111000010100000111000001010000111000100110101
110000110000110000000000000010000000000000011000011000011
111111111111111111111111111111111111111111111111111111111
