0000100010000111100011000110001111000010001000011110001100011000111100001000100001111000110001100011110000100010000
0001110111001110010111101111010011100111011100111001011110111101001110011101110011100101111011110100111001110111001
0001110111000100001100111001100001000111011100010000110011100110000100011101110001000011001110011000010001110111000
0110110110110000100110010011001000011011011011000010011001001100100001101101101100001001100100110010000110110110110
1111010101111001110000111000011100111101010111100111000011100001110011110101011110011100001110000111001111010101111
0111101011110011011001101100110110011110101111001101100110110011011001111010111100110110011011001101100111101011110
0000011100001110001111000111100011100001110000111000111100011110001110000111000011100011110001111000111000011100001
0111101011110011011001101100110110011110101111001101100110110011011001111010111100110110011011001101100111101011110
1111010101111001110000111000011100111101010111100111000011100001110011110101011110011100001110000111001111010101111
0110110110110000100110010011001000011011011011000010011001001100100001101101101100001001100100110010000110110110110
0001110111000100001100111001100001000111011100010000110011100110000100011101110001000011001110011000010001110111000
0001110111001110010111101111010011100111011100111001011110111101001110011101110011100101111011110100111001110111001
0000100010000111100011000110001111000010001000011110001100011000111100001000100001111000110001100011110000100010000
