0100000000100010010010000010010010001000000001000000001000100100100000100100100010000000010000000010001001001000001
1110000001110100100100000001001001011100000011100000011101001001000000010010010111000000111000000111010010010000000
0100100011011111111110000011111111110110001001001000110111111111100000111111111101100010010010001101111111111000001
0101110001111000000000000000000000111100011101011100011110000000000000000000001111000111010111000111100000000000000
1111011000110111111110000011111111011000110111110110001101111111100000111111110110001101111101100011011111111000001
1110001000110001010110000011010100011000100011100010001100010101100000110101000110001000111000100011000101011000001
0100010001111100000000000000000001111100010001000100011111000000000000000000011111000100010001000111110000000000000
0100100011111111111111000111111111111110001001001000111111111111110001111111111111100010010010001111111111111100011
0101110011111111111110101011111111111110011101011100111111111111101010111111111111100111010111001111111111111010101
0100100001010000010100000001010000010100001001001000010100000101000000010100000101000010010010000101000001010000000
1110000001010000010100000001010000010100000011100000010100000101000000010100000101000000111000000101000001010000000
1111000010101000101010000010101000101010000111110000101010001010100000101010001010100001111100001010100010101000001
