0010000000010000000001110000000000000000000000011100000000010000000010001000000001000000000111000000000000000000000
0111000000111000000011011001110000000000011100110110000000111000000111011100000011100000001101100111000000000001110
1001100001101100000010001011011000000000110110100010000001101100001100100110000110110000001000101101100000000011011
0011000011111110000011011010001000000000100010110110000011111110000110001100001111111000001101101000100000000010001
0110000000011110011101110011011000000000110110011101110011110000000011011000000001111001110111001101100000000011011
1100000000011110110110010001110111000111011100010011011011110000000001110000000001111011011001000111011100011101110
1000100000011110100010010000101101101101101000010010001011110000001000100010000001111010001001000010110110110110100
1101110000011110110110010001001000101000100100010011011011110000011101110111000001111011011001000100100010100010010
1000111000111111011101010010001101101101100010010101110111111000111000100011100011111101110101001000110110110110001
1011011101110001100001010100010111000111010001010100001100011101110110101101110111000110000101010001011100011101000
1110111011110000110000111000100000000000001000111000011000011110111011111011101111000011000011100010000000000000100
1101110011111000011000110001000000111000000100011000110000111110011101110111001111100001100011000100000011100000010
1000100011111100011111111111000001101100000111111111110001111110001000100010001111110001111111111100000110110000011
1000000001111110000000111110000011000110000011111000000011111100000000100000000111111000000011111000001100011000001
1000000000111111111111111111111101101101111111111111111111111000000000100000000011111111111111111111110110110111111
1001110000011111111111111100000100111001000001111111111111110000011100100111000001111111111111110000010011100100000
1110001000001111111110000100000100000001000001000011111111100000100011111000100000111111111000010000010000000100000
1100011100000101000000001110001110000011100011100000000101000001110001110001110000010100000000111000111000001110001
1000011100000101000000011011011011000110110110110000000101000001110000100001110000010100000001101101101100011011011
1000001000000101000000010001010001000100010100010000000101000000100000100000100000010100000001000101000100010001010
1100000000000101000000011011011011000110110110110000000101000000000001110000000000010100000001101101101100011011011
1110000000001010100000001110001110000011100011100000001010100000000011111000000000101010000000111000111000001110001
