0000000010100000000000000010100000000000000010100000000000000010100000000000000010100000000000000010100000000000000
0000000110110000000000000110110000000000000110110000000000000110110000000000000110110000000000000110110000000000000
0001000001000001000001000001000001000001000001000001000001000001000001000001000001000001000001000001000001000001000
0010100110110010100010100110110010100010100110110010100010100110110010100010100110110010100010100110110010100010100
0010000010100000100010000010100000100010000010100000100010000010100000100010000010100000100010000010100000100010000
0001111001001111000001111001001111000001111001001111000001111001001111000001111001001111000001111001001111000001111
1000111101011110001000111101011110001000111101011110001000111101011110001000111101011110001000111101011110001000111
0110000110110000110110000110110000110110000110110000110110000110110000110110000110110000110110000110110000110110000
0110000001000000110110000001000000110110000001000000110110000001000000110110000001000000110110000001000000110110000
1001100011100011001001100011100011001001100011100011001001100011100011001001100011100011001001100011100011001001100
