00000000000000000000000000000000000000000000000000000000000000000000000000001000000000000000000011010110000
00000000000000000000000100000000000010101010101010101010101010100100000000010100000001000000000100101001000
00000000000000000000101010100000000000000000000000000000000000000001000000101010000010100000000100101001000
00000000000000000001010101010000000010010010010010010010010010010000000001010101000001000000000100101001000
00000000011000000000010101000000000001100001100001100001100001100000010000101010000000000000000100101001000
00000000100000000000001010000000000001100001100001100001100001100000000100010100000110110000000100101001000
00001100100000000000000100000000000010010010010010010010010010010000000000001000001010101000000011010110000
00010001000000011110001111000000000000000000000000000000000000000000000000000100001110111000000000101000000
00010001000000100001011000111100010010010010010010010010010010010010000001000010000001000000000001000100000
00010001000001000001011010000010001100001100001100001100001100001100000000000001001110111000000010101010000
00010000100001000000011000000000101100001100001100001100001100001100000000000001001010101000000010101010000
00010000010001000000011001111000010010010010010010010010010010010010000000010001000110110000000101000101000
00010000001001000000011010000000000000000000000000000000000000000000000000000001000001000000000101000101000
00001000000101000000001110000000000010010100101001010010100101001010010000000001000001000000001101000101100
00001000000110110000000111000000000001100011000110001100011000110001100000001000100010000100001101000101100
00000100001011001000000111000000000001100011000110001100011000110001100000000000100010001000101101000101101
00000011110101000100000111100000000010010100101001010010100101001010010000000000010010001000111101000101111
01100000001010100011100111100000000000000000000000000000000000000000000000000100001010001000011000111000110
10010000010100010100010110100000010010010010100101001010010100101001010010000000000100000100000001000100000
01010000100100001000010110100000001100001100011000110001100011000110001100000100110100000100000000101000000
00010001001000001000010110010000001100001100011000110001100011000110001100000001001100000100000000010000000
01100010001000001000100110010000010010010010100101001010010100101001010010000101010100001000000000010000000
01000100001000000111001100010000000000000000000000000000000000000000000000000000110100010000110110010000000
01001000001000000000001100010000000010010100101001010010100101001010010100100100000010100001010101010000000
01010000000100000000011000010000000001100011000110001100011000110001100011000000000010100001110111010000000
11101100000010000000011000010000000001100011000110001100011000110001100011000100000001100110001000010000000
10000010000000000000010000010000000010010100101001010010100101001010010100100000000000011001110111010000000
10010010000000001100110000010000000000000000000000000000000000000000000000000100000000001001010101010000000
10001100001100010010110000010110000010100100100100100100100100100100100100000000000000000100110110010000000
01100000010010010010110000010111100000011000011000011000011000011000011000000000000000000010000000010000000
00011100001010010001010000101101110000011000011000011000011000011000011000001000000011111001000000010000000
00000011000010010001101000101010011100100100100100100100100100100100100100000000111100000110101100101000000
00000001111100010001010101010101001111000000000000000000000000000000000000000001000000111001010010101000000
00000000100000001001001010101010000111110000010010010010010010010010100000010010010001000000100000101000000
00000000010000000101100101001010000100111100001100001100001100001100011000000101001001000011011001000100000
00000000010000000010110010001010000100001110001100001100001100001100011000001101001001010100001101000100000
00000000010000000000110000001010001000000011010010010010010010010010100000101100110000100101000100101000000
00111110001000010000011000000101000100000001000000000000000000000000000000000100000000000010000100010000000
11000001011000101000011100000010100011111111101000100100100100100101000000001100000000000000100010010000000
00000000101000010000001110000001010000000000101000011000011000011000110001001000111110000001000010010000000
00001110100110000000000111000000101000000000010100011000011000011000110000001101000001111110011101010000000
00110001001001000000000011100000010111000000001010100100100100100101000000110110000000000000100001010000000
11000110010100100000000000111000001000111111111100000000000000000000000010101010111000000000101001010000000
00001000100100100000000000001110100001000000000001001001001001001010000000110101000110000000010000101000000
00001000100100100000001000010001100000101111111100110000110000110001000001010100110001110000000000101000000
00110001000100100000010100001000001000010100000000110000110000110001000101001010001000001111100000101000000
01000001001000100000100010001000100100001000000001001001001001001010000001001010000100000000000000101000000
00000010001000010000010100000100100010001010000000000000000000000000010010001001000010000000000000010000000
00000100010000010000001000000100100001100100101010101010101000000001000010001000100001100000001111010111100
00001000010000010000000000001011001000010100000000000000000000000010000010000100010000010000010000101000010
00110000100000001000000000010100010100010101100011000001111111000001000100000100001100001000100000010000001
01000000100000001000000000111000001000101001110111000010000000110001000100000010000010001000100000000000001
10000001000100001000000001110000000000110000110110000101110111001000100100000001000001100100100010000010001
00000001000011110000001111000000000001100000001000001101110111001000100010000100100000010100100000000000001
00000001000000000000010110000000110011000000110110001000110110001101100001111000010000010100010000000000010
00000000100000000011101010000001001110000001110111001000001000000010000000000000010000010100001100000001100
00000000000000000100010001100000001001110001100011001000110110001101100011000000010000011000000011000110000
00000000000000000000100000010001110011101000001000010001110111010000010000100000100011110000000000101000000
00000000000000000000100000000010000100000000000111100001100011001100001111000000000011100000000000010000000
