010000000000000000000000000000000000000000000000000000010
110000000000000000000000000010000000000000000000000000011
001000100000000000000000000111000000000000000000001000100
000111011100000000000000001000100000000000000001110111000
000111010000000000000111010010010111000000000000010111000
000111110000000000001000110101011000100000000000011111000
001001110000000000010000010010010000010000000000011100100
000111110100001111100000001010100000001111100001011111000
000100001000010000111100000010000001111000010000100001000
000100010111100001000010000010000010000100001111010001000
000000000110000010000001000101000100000010000011000000000
000000000101000100000000100010001000000001000101000000000
000000000100100100000000010010010000000001001001000000000
000000001000010100000000001010100000000001010000100000000
000000010000001100001100000010000001100001100000010000000
000000010001111100010010000010000010010001111100010000000
000000010010000010010001000101000100010010000010010000000
000000010100000001000001000010000100000100000001010000000
000000011000000000100010000010000010001000000000110000000
000000101000000110011100011010110001110011000000101000000
000001001000001000011000111101111000110000100000100100000
000010001000001000010100100101001001010000100000100010000
000010000100000100100011000010000110001001000001000010000
000010000010000011000011000010000110000110000010000010000
000001000001000000001100100010001001100000000100000100000
000011100000100000011000010101010000110000001000001110000
000100010000010000011000001000100000110000010000010001000
001001000010000010001100010010010001100010000010000100100
011010111101111101110011100111001110011101111101111010110
001001000010000010001100010010010001100010000010000100100
000100010000010000011000001000100000110000010000010001000
000011100000100000011000010101010000110000001000001110000
000001000001000000001100100010001001100000000100000100000
000010000010000011000011000010000110000110000010000010000
000010000100000100100011000010000110001001000001000010000
000010001000001000010100100101001001010000100000100010000
000001001000001000011000111101111000110000100000100100000
000000101000000110011100011010110001110011000000101000000
000000011000000000100010000010000010001000000000110000000
000000010100000001000001000010000100000100000001010000000
000000010010000010010001000101000100010010000010010000000
000000010001111100010010000010000010010001111100010000000
000000010000001100001100000010000001100001100000010000000
000000001000010100000000001010100000000001010000100000000
000000000100100100000000010010010000000001001001000000000
000000000101000100000000100010001000000001000101000000000
000000000110000010000001000101000100000010000011000000000
000100010111100001000010000010000010000100001111010001000
000100001000010000111100000010000001111000010000100001000
000111110100001111100000001010100000001111100001011111000
001001110000000000010000010010010000010000000000011100100
000111110000000000001000110101011000100000000000011111000
000111010000000000000111010010010111000000000000010111000
000111011100000000000000001000100000000000000001110111000
001000100000000000000000000111000000000000000000001000100
110000000000000000000000000010000000000000000000000000011
010000000000000000000000000000000000000000000000000000010
