0100000001000001000001000000010
1011110000100010100010000111101
0101111000010100010100001111010
0110111100001000001000011110110
0111011110010100010100111101110
0111100000100010100010000011110
0011100001000001000001000011100
0001100010010000000100100011000
0000100100011000001100010010000
1000001000011100011100001000001
0100010000011110111100000100010
0010100111101110111011110010100
0001000011110110110111100001000
0010100001111010101111000010100
0100010000111101011110000100010
1000001000000010100000001000001
0100010000111101011110000100010
0010100001111010101111000010100
0001000011110110110111100001000
0010100111101110111011110010100
0100010000011110111100000100010
1000001000011100011100001000001
0000100100011000001100010010000
0001100010010000000100100011000
0011100001000001000001000011100
0111100000100010100010000011110
0111011110010100010100111101110
0110111100001000001000011110110
0101111000010100010100001111010
1011110000100010100010000111101
0100000001000001000001000000010
