0000000000010000000000000001000000000000000100000000000000010000000000000001000000000000000100000000000000010000000
0000000000111000000000000011100000000000001110000000000000111000000000000011100000000000001110000000000000111000000
0000000001101100000000000110110000000000011011000000000001101100000000000110110000000000011011000000000001101100000
0000000111000111000000011100011100000001110001110000000111000111000000011100011100000001110001110000000111000111000
1000001111101111100000111110111110000011111011111000001111101111100000111110111110000011111011111000001111101111100
1100011100111001110001110011100111000111001110011100011100111001110001110011100111000111001110011100011100111001110
1000001110010011100000111001001110000011100100111000001110010011100000111001001110000011100100111000001110010011100
0000000111010111000000011101011100000001110101110000000111010111000000011101011100000001110101110000000111010111000
0000000001010100000000000101010000000000010101000000000001010100000000000101010000000000010101000000000001010100000
0000000100010001000000010001000100000001000100010000000100010001000000010001000100000001000100010000000100010001000
0000000110010011000000011001001100000001100100110000000110010011000000011001001100000001100100110000000110010011000
0000000111010111000000011101011100000001110101110000000111010111000000011101011100000001110101110000000111010111000
1110111011010110111011101101011011101110110101101110111011010110111011101101011011101110110101101110111011010110111
1100011101010101110001110101010111000111010101011100011101010101110001110101010111000111010101011100011101010101110
1000001110111011100000111011101110000011101110111000001110111011100000111011101110000011101110111000001110111011100
0000000001101100000000000110110000000000011011000000000001101100000000000110110000000000011011000000000001101100000
1111111111000111111111111100011111111111110001111111111111000111111111111100011111111111110001111111111111000111111
