0010000000000010000000000010000000000010000000000010000000000010000000000010000000000010000000000010000000000010000
0111000000000111000000000111000000000111000000000111000000000111000000000111000000000111000000000111000000000111000
1101100000001101100000001101100000001101100000001101100000001101100000001101100000001101100000001101100000001101100
0111000000000111000000000111000000000111000000000111000000000111000000000111000000000111000000000111000000000111000
0010010000010010010000010010010000010010010000010010010000010010010000010010010000010010010000010010010000010010010
1010111000111010111000111010111000111010111000111010111000111010111000111010111000111010111000111010111000111010111
1111101101101111101101101111101101101111101101101111101101101111101101101111101101101111101101101111101101101111101
1010111000111010111000111010111000111010111000111010111000111010111000111010111000111010111000111010111000111010111
0010010010010010010010010010010010010010010010010010010010010010010010010010010010010010010010010010010010010010010
0111000111000111000111000111000111000111000111000111000111000111000111000111000111000111000111000111000111000111000
1111101111101111101111101111101111101111101111101111101111101111101111101111101111101111101111101111101111101111101
1111111111111111111111111111111111111111111111111111111111111111111111111111111111111111111111111111111111111111111
