00100000011111100100110010100100110010000000000010001000000000001001100100101001100100111111000000100
00010000100100011001000101010011001100011111000001010000011111000110011001010100010011000100100001000
10001111000001100001001010101001001001100000111110101111100000110100010010101010010000110000011110001
01000000000010010010010100010100110010000000000010001000000000001001100101000101001001001000000000010
00101111111011000100101000001010010001001111111010001011111110010001001010000010100100011011111110100
00101000001000111001010000000101001000101000001010001010000010100010010100000001010011100010000010100
00101011101000010010100000000010100111001011101010001010111010011100101000000000101001000010111010100
00101010101000000101000000000000000000001010101001010010101010000001010000000000000000000010101010100
01001011111111101010111111111111111111111111101001010010111111111010101111111111111111111110111010010
10001000000000010100000000000000000000000000001001010010000000000101000000000000000000000010100010001
10001111111110101011111111111111111111111111111001010011111111101010111111111111111111111110111110001
11000000101001010000000000000000000000001010000001010000001010010100000000000000000000000010100000011
10011000101010100000000000000000000010101010010010001001001010101000000000010000000000101010100011001
10101000101001000000001101011000000001010010101010001010101010010000010000101000010000010100100010101
10100100101010000000101010101010000000101010100100100100101010100000011001000100110000001010100100101
01010110101000000001000110110001000000010100100001010000101010000000010100101001010000000101001101010
01000100101000010101001001001001010100001010010011011001001010000000010010010010010000000010100100010
10001000101000001101000110110001011000000101001100100110001010000000010001010100010000000001010010001
00010010101000011101001010101001011100001010100100100100101010001111101000101000101111100010101001000
01100100101000000011001101011001100000001001010011011001001010000100010100101001010001000010010100110
10001010101000111111000001000001111110001010101001010010101010000010001010101010100010000010101010001
10010100101001000000110001000110000001001010010100100101001010000001000101101101000100000010100101001
00101000101000000000001110111000000000001010001010001010001010000100100010101010001001000010100010100
01010000101001000000100101010010000001001010000101010100001010001010011111000111110010100010100001010
10100000101000110001000001000001000110001010000010101000001010010001100000010000001100010010100000101
01000000101000110101000001000001010110001010000001010000001010001010011111000111110010100010100000010
10100000101000001101000010100001011000001010000010101000001010000100100010101010001001000010100000101
01010000101000011101000100010001011100001010000101010100001010000001000101101101000100000010100001010
00101000101000000011001000001001100000001010001010001010001010000010001010101010100010000010100010100
10010100101000111111001000001001111110001010010100100101001010000100010100101001010001000010100101001
01001010101001000000000100010000000001001010101000100010101010001111101000101000101111100010101010010
01100101001000000000010010100100000000001010010011011001010010000000010001010100010000000010100100110
10010010101000000000010001000100000000001010100100000100101010000000010010010010010000000010101001001
10011001010000000000010001000100000000001010001000100010010100000000010100010001010000000010100011001
01000100101000000000101001001010000000001010010001010001001010000000011000010000110000000010100100110
01100010010100000000001010101000000000001010110101010101100101000000010000111000010000000010101000010
10010010101010000000000100010000000000101010010010101001001010100000000001010100000000001010101001001
00101010100101000010000010100000100001001010001010101010001001010000011111111111110000010010101010100
00100100101010100001111100011111000010101010001100100110001010101000101010101010101000101010100100100
01000000101000000000000000000000000101001010000001110000001010000000000000000000000001010010100000010
01001111101111111111111111111111101010111111111000100011111111111111111111111111111010101110111110010
01001000101000000000000000000000010100000000001000100010000000000000000000000000000101000010100010010
01001011101111111111111111111110101011111111101001010010111111111111111111111111101010111110111010010
01001010101000000000000000000001010000001010101010001010101010000000000000000000010100000010101010010
00101011101001110010100000000010100100001011101010001010111010000100101000000000101001110010111010100
00101000001010001001010000000101001110001000001010001010000010001110010100000001010010001010000010100
00101111111001000100101000001010010001101111111010001011111110110001001010000010100100010011111110100
00100000000000100110010100010100100100100000000001010000000000100100100101000101001100100000000000100
10111110000011001001001010101001000011000001111000100011110000011000010010101010010010011000001111101
01000001111100011001100101010001001100010010000100000100001001000110010001010100110011000111110000010
00100000000000100110010010100110010011111100000010001000000111111001001100101001001100100000000000100
01000001111100011001100101010001001100010010000100000100001001000110010001010100110011000111110000010
10111110000011001001001010101001000011000001111000100011110000011000010010101010010010011000001111101
00100000000000100110010100010100100100100000000001010000000000100100100101000101001100100000000000100
00101111111001000100101000001010010001101111111010001011111110110001001010000010100100010011111110100
00101000001010001001010000000101001110001000001010001010000010001110010100000001010010001010000010100
00101011101001110010100000000010100100001011101010001010111010000100101000000000101001110010111010100
01001010101000000101000000000000000000001010101010001010101010000001010000000000000000000010101010010
01001011101111101010111111111111111111111111101001010010111111111010101111111111111111111110111010010
01001000101000010100000000000000000000000000001000100010000000000101000000000000000000000010100010010
01001111101110101011111111111111111111111111111000100011111111101010111111111111111111111110111110010
01000000101001010000000000000000000000001010000001110000001010010100000000000000000000000010100000010
00100100101010100101111101011111010010101010001100100110001010101000000000000000000000101010100100100
00101010101001000010000010100000100001010010001010101010001010010000000000010000000000010100101010100
10010010101010000000011101011100000000101010010010101001001010100010000011101110000010001010101001001
01000010101000000001100001000011000000010100110101010101101010000001110100010001011100000101001000110
01100100101000000010000001000000100000001010010001010001001010000001001000010000100100000010100100010
10011000101000000110000001000000110000000101001000100010001010000001001000010000100100000001010011001
10010010101000001010001110111000101000001010100100000100101010000000111000010000111000000010101001001
01100100101000010010010001000100100100001001010011011001001010000001000111010111000100000010010100110
01001010101000100100100001000010010010001010101000100010101010000010000100101001000010000010101010010
10010100101000101000100001000010001010001010010100100101001010000010000100101001000010000010100101001
00101000101000110011100001000011100110001010001010001010001010001010000011101110000010100010100010100
01010000101000100100011101011100010010001010000101010100001010010101111100000001111101010010100001010
10100000101000001000010010100100001000001010000010101000001010001010000011101110000010100010100000101
01000000101000001000010010100100001000001010000001010000001010000010000100101001000010000010100000010
10100000101000101000001110111000001010001010000010101000001010000010000100101001000010000010100000101
01010000101001010111110000000111110101001010000101010100001010001001000111010111000100100010100001010
00101000101000101000001110111000001010001010001010001010001010001100111000010000111001100010100010100
10010100101000001000010010100100001000001010010100100101001010001010001000010000100010100010100101001
10001010101000001000010010100100001000001010101001010010101010001001001000010000100100100010101010001
01100101001000000100011101011100010000001010010011011001010010000100100100010001001001000010100100110
00010010101000000011100001000011100000001010100100100100101010000010100011101110001010000010101001000
10001001010000000100100001000010010000001010001100100110010100000001100000010000001100000010100010001
01000100101000000100100001000010010000001010010011011001001010000000100000010000001000000010100100010
01010110010100000111010001000101110000001010100001010000100101000000011000010000110000000010101101010
10100100101010001000001110111000001000101010100100100100101010100000000111010111000000001010100100101
10101000100101000000000001000000000001001010101010001010101001010000100000101000001000010010100010101
10011000101010100000000000000000000010101010010010001001001010101001011111010111110100101010100011001
11000000101000000000000000000000000101001010000001010000001010000000000000000000000001010010100000011
10001111101111111111111111111111101010111111111001010011111111111111111111111111111010101111111110001
10001000101000000000000000000000010100000000001001010010000000000000000000000000000101000000000010001
01001011101111111111111111111110101011111111101001010010111111111111111111111111101010111111111010010
00101010101000000000000000000001010000001010101001010010101010000000000000000000010100000010101010100
00101011101000010010100000000010100111001011101010001010111010011100101000000000101001000010111010100
00101000001000111001010000000101001000101000001010001010000010100010010100000001010011100010000010100
00101111111011000100101000001010010001001111111010001011111110010001001010000010100100011011111110100
01000000000010010010010100010100110010000000000010001000000000001001100101000101001001001000000000010
10001111000001100001001010101001000101100000111110101111100000110010010010101010010000110000011110001
00010000100100011001000101010011001100011111000001010000011111000110011001010100010011000100100001000
00100000011111100100110010100100110010000000000010001000000000001001100100101001100100111111000000100
