1000000110000011000000100000011000001100000010000001100000110000001000000110000011000000100000011000001100000010000
1100000011000110000001110000001100011000000111000000110001100000011100000011000110000001110000001100011000000111000
1110000001101100000011111000000110110000001111100000011011000000111110000001101100000011111000000110110000001111100
1100000000010000000001110000000001000000000111000000000100000000011100000000010000000001110000000001000000000111000
1001000000111000000100100100000011100000010010010000001110000001001001000000111000000100100100000011100000010010010
1011100001111100001110101110000111110000111010111000011111000011101011100001111100001110101110000111110000111010111
1111111000111000111111111111100011100011111111111110001110001111111111111000111000111111111111100011100011111111111
1110111100010001111011111011110001000111101111101111000100011110111110111100010001111011111011110001000111101111101
1100011110000011110001110001111000001111000111000111100000111100011100011110000011110001110001111000001111000111000
1000011111000111110000100001111100011111000010000111110001111100001000011111000111110000100001111100011111000010000
1011001110000011100110101100111000001110011010110011100000111001101011001110000011100110101100111000001110011010110
1010011100010001110010101001110001000111001010100111000100011100101010011100010001110010101001110001000111001010100
1010011000111000110010101001100011100011001010100110001110001100101010011000111000110010101001100011100011001010100
1001110001111100011100100111000111110001110010011100011111000111001001110001111100011100100111000111110001110010011
1000100011111110001000100010001111111000100010001000111111100010001000100011111110001000100010001111111000100010001
1000000111111111000000100000011111111100000010000001111111110000001000000111111111000000100000011111111100000010000
