0000001010011111110000000
0000011111110010101000000
0010110111101100110000000
0011110011100000000000000
0000011111010000000000000
0011111111001111111111000
0001111111100100010011000
0000011110100001101001000
0000001110000010010110000
0000001110000000000000000
0000011111000000000110000
0000111111100000001111000
0001111111111111111111100
0011111111111111001111100
0111101110111111101111110
0111011110111110111111111
0001011110111000100011110
0010101110110000011100110
0111010110100000001100010
0100101010000000000100010
0100001010000000000100010
0100000010000000000100110
0100000010000000001100000
1000000110000000000000000
0000000100000000000000000
