00000000000000000000100000000000000000000
00000000000000000001010000000000000000000
00000000000000000010101000000000000000000
00000000000000000101010100000000000000000
00000000000000001010001010000000000000000
00000000000000010100000101000000000000000
00000000000000101000000010100000000000000
00000000000001010000000001010000000000000
00000000000010100000000000101000000000000
00000000000101000010101000010100000000000
00000000001010000001010000001010000000000
00000000010100000000100000000101000000000
00000000101000000010101000000010100000000
00000001010000000001010000000001010000000
00000010100000000000100000000000101000000
00000101000000000000000000000000010100000
00001010111110111011101110111001101010000
00010100010100010101000101010010010101000
00101000101110010011000100110010010010100
01010011000100010001000100010010010001010
10101100001110111011101110111001100000101
01010000000000000000000000000000000001010
00101000000101001110001100011000000010100
00010100000010000001010010100100000101000
00001010000111000010001010011000001010000
00000101000010000100000100100100010100000
00000010100101001000011000011000101000000
00000001010000000000000000000001010000000
00000000101000000000100000000010100000000
00000000010100000001010000000101000000000
00000000001010000010101000001010000000000
00000000000101000000100000010100000000000
00000000000010100001010000101000000000000
00000000000001010010101001010000000000000
00000000000000101000000010100000000000000
00000000000000010100000101000000000000000
00000000000000001010001010000000000000000
00000000000000000101010100000000000000000
00000000000000000010101000000000000000000
00000000000000000001010000000000000000000
00000000000000000000100000000000000000000
