0010000000100001000101010100010000100000001000100000001000010001010101000100001000000010001000000010000100010101010
0111000001110001000011011000010001110000011101110000011100010000110110000100011100000111011100000111000100001101100
0111000111010010000111011100001001011100011101110001110100100001110111000010010111000111011100011101001000011101110
0110110001110010111000100011101001110001101101101100011100101110001000111010011100011011011011000111001011100010001
0101111001111001000111011100010011110011110101011110011110010001110111000100111100111101010111100111100100011101110
1011110011111100100011011000100111111001111010111100111111001000110110001001111110011110101111001111110010001101100
1100000111001110010001010001001110011100000111000001110011100100010100010011100111000001110000011100111001000101000
1011110011100111001000100010011100111001111010111100111001110010001000100111001110011110101111001110011100100010001
0101111001111111100100100100111111110011110101011110011111111001001001001111111100111101010111100111111110010010010
0110110000111111110010101001111111100001101101101100001111111100101010011111111000011011011011000011111111001010100
0111000000010100111001110011100101000000011101110000000101001110011100111001010000000111011100000001010011100111001
0111000000010100011100100111000101000000011101110000000101000111001001110001010000000111011100000001010001110010011
0010000000101010001111011110001010100000001000100000001010100011110111100010101000000010001000000010101000111101111
