0100000000000000000000001110000000111000000000000000000000010101000000000000000000000011100000001110000000000000000
1001110000000000000000110001100011000110000000001110000111001110011100000000000000001100011000110001100000000011100
0111010000110000000001000000010100000001000000011100000101110001110100001100000000010000000101000000010000000111000
1101101000011111100010000000001000000000100000111100001011011111011010000111111000100000000010000000001000001111000
0110010100011110000100000000001000011111110000111000010100110001100101000111100001000000000010000111111100001110000
0011011110001110000100000000001000111100010001111000111101100000110111100011100001000000000010001111000100011110001
1001011100001111001000000000000101110000001001110000011101001110010111000011110010000000000001011100000010011100000
1111011100000111001000000000000101100000001001110000011101111111110111000001110010000000000001011000000010011100000
0010011001000111001000000000000101001111100101100000001100000100000110010001110010000000000001010011111001011000000
1000010001100011010011111000000100011111111111100000100100001010000100011000110100111110000001000111111111111000001
0000000000110011111111111100001110001111011110000001100000000100000000001100111111111111000011100011110111100000011
1000000000110000111011111110011111000000000011000001100000001110000000001100001110111111100111110000000000110000011
1100000000111001100000000001011111000000000011000011100000011111000000001110011000000000010111110000000000110000111
1100000000111001000000000000001110000000000011000011100000011111000000001110010000000000000011100000000000110000111
1000000000111001001111000000000100000001111100100011100000001110000000001110010011110000000001000000011111001000111
0000000001111010011100000100001010000100111110100011110000000100000000011110100111000001000010100001001111101000111
0000000001110010111000001100100100100110001111011001110000000100000000011100101110000011001001001001100011110110011
0000000001111101110000011101111111110111000111101111110000000100000000011111011100000111011111111101110001111011111
0000000001111111100000011101001110010111000011111111110000000100000000011111111000000111010011100101110000111111111
1000000001101000000000111101100000110111100000000110110000000010000000011010000000001111011000001101111000000001101
1000000001010000000000010100110001100101000000000011010000000010000000010100000000000101001100011001010000000000110
1000000000100000000000001011011111011010000000111001100000000010000000001000000000000010110111110110100000001110011
0100000001000000000000000101110001110100000011111111100000000101000000010000000000000001011100011101000000111111111
0011000110000000000000000111001110011100000011111110011100011000110001100000000000000001110011100111000000111111100
0000111000000000000000000000010101000000000100000000000011100000001110000000000000000000000101010000000001000000000
