0101111111101000101111000001111010001011111111010
1010010010010101000111100010111001010100100100101
0100001001001010001011110110111000101001001000010
1000001001000100001101111110111000010001001000001
1000110001000100001110111110111000010001000110001
1100100001000100001110011100111000010001000010011
1011001110000100001110000000111000010000111001101
1000001000001000001110000000111000001000001000001
1100001011110000011110000000111100000111101000011
1011110010000000111100000000011110000000100111101
1000000010000001111000000000001111000000100000001
0100000010000011110000001000000111100000100000010
1010000100000111100000010100000011110000010000101
0101111000001111000001100011000001111000001111010
0010000000011110000011010101100000111100000000100
0100000000111100001111001001111000011110000000010
1000000001111000001101001001011000001111000000001
0000000011110000010001010101000100000111100000000
1111111111100001101101100011011011000011111111101
1111111111000001101101010101011011000001111111011
1111111110000010000001001001000000100000111110111
1000000000000111111111111111111111110000000001111
0111100000000100001001100011001000010000000011110
0011110000001010010101001001010100101000000111100
0001110000010001100011011101100011000100000111000
0011110000001010010101001001010100101000000111100
0111100000000100001001100011001000010000000011110
1111000000000111111111111111111111110000000000001
1110111110000010000001001001000000100000111111111
1101111111000001101101010101011011000001111111111
1011111111100001101101100011011011000011111111111
0000000011110000010001010101000100000111100000000
1000000001111000001101001001011000001111000000001
0100000000111100001111001001111000011110000000010
0010000000011110000011010101100000111100000000100
0101111000001111000001100011000001111000001111010
1010000100000111100000010100000011110000010000101
0100000010000011110000001000000111100000100000010
1000000010000001111000000000001111000000100000001
1011110010000000111100000000011110000000100111101
1100001011110000011110000000111100000111101000011
1000001000001000001110000000111000001000001000001
1011001110000100001110000000111000010000111001101
1100100001000100001110011100111000010001000010011
1000110001000100001110111110111000010001000110001
1000001001000100001110111111011000010001001000001
0100001001001010001110110111101000101001001000010
1010010010010101001110100011110001010100100100101
0101111111101000101111000001111010001011111111010
