110000000001010000000101000000010100000000011
101111100000101000001010100000101000001111101
010111110000010100010101010001010000011111010
011011111000001010101000101010100000111110110
011101111100000101010000010101000001111101110
011110000000000010100000001010000000000011110
011110000000000101010000010101000000000011110
001110000000001010101000101010100000000011100
000110000000010100010101010001010000000011000
000010000000101000001010100000101000000010000
000000000001010000000101000000010100000000000
100000000010100000000010000000001010000000001
010000000101000000000000000000000101000000010
101000001010000000100000001000000010100000101
010100010100000000110000011000000001010001010
001010101000000000111000111000000000101010100
000101010000000000111101111000000000010101000
000010100000000000111101111000000000001010000
000101010000011111011101110111110000010101000
001010101000001111101101101111100000101010100
010100010100000111110101011111000001010001010
101000001010000011111010111110000010100000101
010000000101000000000111000000000101000000010
101000001010000011111010111110000010100000101
010100010100000111110101011111000001010001010
001010101000001111101101101111100000101010100
000101010000011111011101110111110000010101000
000010100000000000111101111000000000001010000
000101010000000000111101111000000000010101000
001010101000000000111000111000000000101010100
010100010100000000110000011000000001010001010
101000001010000000100000001000000010100000101
010000000101000000000000000000000101000000010
100000000010100000000010000000001010000000001
000000000001010000000101000000010100000000000
000010000000101000001010100000101000000010000
000110000000010100010101010001010000000011000
001110000000001010101000101010100000000011100
011110000000000101010000010101000000000011110
011110000000000010100000001010000000000011110
011101111100000101010000010101000001111101110
011011111000001010101000101010100000111110110
010111110000010100010101010001010000011111010
101111100000101000001010100000101000001111101
110000000001010000000101000000010100000000011
