0100000000000000010100000000000000010100000000000000010100000000000000010100000000000000010100000000000000010100000
0110000000000000110110000000000000110110000000000000110110000000000000110110000000000000110110000000000000110110000
1000001000001000001000001000001000001000001000001000001000001000001000001000001000001000001000001000001000001000001
0110010100010100110110010100010100110110010100010100110110010100010100110110010100010100110110010100010100110110010
0100000100010000010100000100010000010100000100010000010100000100010000010100000100010000010100000100010000010100000
1001111000001111001001111000001111001001111000001111001001111000001111001001111000001111001001111000001111001001111
1011110001000111101011110001000111101011110001000111101011110001000111101011110001000111101011110001000111101011110
0110000110110000110110000110110000110110000110110000110110000110110000110110000110110000110110000110110000110110000
1000000110110000001000000110110000001000000110110000001000000110110000001000000110110000001000000110110000001000000
1100011001001100011100011001001100011100011001001100011100011001001100011100011001001100011100011001001100011100011
1000000110110000001000000110110000001000000110110000001000000110110000001000000110110000001000000110110000001000000
0110000110110000110110000110110000110110000110110000110110000110110000110110000110110000110110000110110000110110000
1011110001000111101011110001000111101011110001000111101011110001000111101011110001000111101011110001000111101011110
1001111000001111001001111000001111001001111000001111001001111000001111001001111000001111001001111000001111001001111
0100000100010000010100000100010000010100000100010000010100000100010000010100000100010000010100000100010000010100000
0110010100010100110110010100010100110110010100010100110110010100010100110110010100010100110110010100010100110110010
1000001000001000001000001000001000001000001000001000001000001000001000001000001000001000001000001000001000001000001
0110000000000000110110000000000000110110000000000000110110000000000000110110000000000000110110000000000000110110000
0100000000000000010100000000000000010100000000000000010100000000000000010100000000000000010100000000000000010100000
