1111111111100000000100010000000011111111111000000001000100000000111111111110000000010001000000001111111111100000000
0010000010010000001110111000000100100000100100000011101110000001001000001001000000111011100000010010000010010000001
0011000110001000011110111100001000110001100010000111101111000010001100011000100001111011110000100011000110001000011
1111101111100100001110111000010011111011111001000011101110000100111110111110010000111011100001001111101111100100001
0111101111000100000001000000010001111011110001000000010000000100011110111100010000000100000001000111101111000100000
0011010110000100001110111000010000110101100001000011101110000100001101011000010000111011100001000011010110000100001
0000111000000100011110111100010000001110000001000111101111000100000011100000010001111011110001000000111000000100011
0011010110000100001110111000010000110101100001000011101110000100001101011000010000111011100001000011010110000100001
0111101111000010000100010000100001111011110000100001000100001000011110111100001000010001000010000111101111000010000
1111101111100001000000000001000011111011111000010000000000010000111110111110000100000000000100001111101111100001000
0011000110000000111111111110000000110001100000001111111111100000001100011000000011111111111000000011000110000000111
0010000010000000000000000000000000100000100000000000000000000000001000001000000000000000000000000010000010000000000
