0000001110011100000001110011100000000000000000000000000000000011100111000000011100111000000000000000000000000000000
0000001010010100010001010010100000000000000000000000000000000010100101000100010100101000000000000000000000000000000
0000001111111100101001111111100000000000000000000000000000000011111111001010011111111000000000000000000000000000000
0000000010010000101000010010000000000000000000000000000000000000100100001010000100100000000000000000000000000000000
0000001111111100010001111111100000000000000000000000000000000011111111000100011111111000000000000000000000000000000
0000001010010100000001010010100000000000000000000000000000000010100101000000010100101000000000000000000000000000000
0000001110011111111111110011100000000000000000000000000000000011100111111111111100111000000000000000000000000000000
0000000000000100000001000000000000000000000000000000000000000000000001000000010000000000000000000000000000000000000
0000000001000100010001000100000000000000000000000000000000000000010001000100010001000000000000000000000000000000000
1000000010100100101001001010000000100000000000000000000010000000101001001010010010100000001000000000000000000000100
1100000100010101000101010001000001110000000100010000000111000001000101010001010100010000011100000001000100000001110
1011100010100100101001001010001110111100001010101000011110111000101001001010010010100011101111000010101010000111101
1110000001000100010001000100000011111110010000000100111111100000010001000100010001000000111111100100000001001111111
1111100000000100000001000000001111111100001000001000011111111000000001000000010000000011111111000010000010000111111
1100001110011111111111110011100001111000000100010000001111000011100111111111111100111000011110000001000100000011110
1110001010010100000001010010100011110000000010100000000111100010100101000000010100101000111100000000101000000001111
1111001111111100010001111111100111111111111100011111111111110011111111000100011111111001111111111111000111111111111
1111100010010000101000010010001111110001111110111111000111111000100100001010000100100011111100011111101111110001111
1111001111111100101001111111100111111111111100011111111111110011111111001010011111111001111111111111000111111111111
0010001010010100010001010010100010010001001000001001000100100010100101000100010100101000100100010010000010010001001
1011001110011100000001110011100110110011011000001101100110110011100111000000011100111001101100110110000011011001101
