0000010001000100000000000000000000000000010001000100000000000000000000000000010001000100000000000000000000000000010
0000111011101110000000000000000000000000111011101110000000000000000000000000111011101110000000000000000000000000111
0000010001000100000100000000000000010000010001000100000100000000000000010000010001000100000100000000000000010000010
1000001001001000001110000000000000111000001001001000001110000000000000111000001001001000001110000000000000111000001
1100000101010000011010000000000000101100000101010000011010000000000000101100000101010000011010000000000000101100000
1110010011100100111110000000000000111110010011100100111110000000000000111110010011100100111110000000000000111110010
1000101001001010001111000000000001111000101001001010001111000000000001111000101001001010001111000000000001111000101
1100010101010100011111100000000011111100010101010100011111100000000011111100010101010100011111100000000011111100010
1100000011100000011111110000000111111100000011100000011111110000000111111100000011100000011111110000000111111100000
1000000001000000001010111000001110101000000001000000001010111000001110101000000001000000001010111000001110101000000
1000000011100000001010011100011100101000000011100000001010011100011100101000000011100000001010011100011100101000000
0100000111110000010101001110111001010100000111110000010101001110111001010100000111110000010101001110111001010100000
