0010110011101010100010101111000001111010100010101011100110100010110011101010100010101111000001111010100010101011100110100
0101000001110101010101001111100011111001010101010111000001010101000001110101010101001111100011111001010101010111000001010
1010001000111010101010000111110111110000101010101110001000101010001000111010101010000111110111110000101010101110001000101
0100010100011100010100000000001111100000010100011100010100010100010100011100010100000000001111100000010100011100010100010
1000101000001110001001111111111111011111001000111000001010001000101000001110001001111111111111011111001000111000001010001
1001010001000111000011111111111110111111100001110001000101001001010001000111000011111111111110111111100001110001000101001
0010100010100011100111111111111101111111110011100010100010100010100010100011100111111111111101111111110011100010100010100
0001000101000111001111111111111011111111111001110001010001000001000101000111001111111111111011111111111001110001010001000
1000001010001110011111000000000000000001111100111000101000001000001010001110011111000000000000000001111100111000101000001
1100010100011100111110001000001000001000111110011100010100011100010100011100111110000000001000000000111110011100010100011
1110001000111001111100010100011100010100011111001110001000111110001000111001111100000000110110000000011111001110001000111
0111000001110011111000100010110110100010001111100111000001110111000001110011111000000011001001100000001111100111000001110
1011100011100111110000011100100010011100000111110011100011101011100011100111110000000011001001100000000111110011100011101
0101110111001111100000100000110110000010000011111001110111010101110111001111100000000100110110010000000011111001110111010
1010111110011111000101010000011100000101010001111100111110101010111110011111000100001100100010011000010001111100111110101
0100011100111110001010101000001000001010101000111110011100010100011100111110001010010011000001100100101000111110011100010
1010001001111100010001010111101011110101000100011111001000101010001001111100011011001100100010011001101100011111001000101
0101000011111000010001001111111111111001000100001111100001010101000011111000100000100100110110010010000010001111100001010
0010100111110000001010000110111110110000101000000111110010100010100111110000100000100011001001100010000010000111110010100
0101001111100001000100000000011100000000010001000011111001010101001111100000101010100011001001100010101010000011111001010
1010011111000001100100100110111110110010010011000001111100101010011111000000011011000000110110000001101100000001111100101
0100111110000000111111101001111111001011111110000000111110010100111110001010000100000000001000000000010000101000111110010
1000111100000000011111000111001001110001111100000000011110001000111100011011001000000100001000010000001001101100011110001
0000111100000000110101100010001000100011010110000000011110000000111100000100001000000110001000110000001000010000011110000
1100111100000000100100000101001001010000010010000000011110011100111100011011000100111000010100001110010001101100011110011
1110111100000000000100001000101010001000010000000000011110111110111100001010000011000100100010010001100000101000011110111
1111011100000000110010000101001001010000100110000000011110111111011100000000001100000010010100100000011000000000011110111
1111101100000011110001000010001000100001000111100000011110111111101100000000110011000001010101000001100110000000011110111
0111110100000000001101000000011100000001011000000000011110110111110100000000110000100001001001000010000110000000011110110
0011111000000000000011000000110110000001100000000000011110100011111000000000000000010000101010000100000000000000011110100
0001111100000000000001000000100010000001000000000000011111000001111100000000000001101100101010011011000000000000011111000
0010111100000000000011110000110110000111100000000000001111100010111100000000000001010100101010010101000000000000001111100
0110111100000000111100001000011100001000011110000000010111110110111100000000000001010100010100010101000000000000010111110
1110111100000001000000100100001000010010000001000000011011111110111100000000000010101010010100101010100000000000011011111
1110111100000010011111010010001000100101111100100000011101111110111100000000000001101100010100011011000000000000011101111
1110111100000100100000001001001001001000000010010000011110111110111100000000000000000000010100000000000000000000011110111
1100111100001001000011000100101010010001100001001000011110011100111100000000000001111000010100001111000000000000011110011
0000111100001010000100100010011100100010010000101000011110000000111100000000000010000100010100010000100000000000011110000
1000111100001010001110010001001001000100111000101000011110001000111100000000000100000010101010100000010000000000011110001
0100111110001001000001100000100010000011000001001000111110010100111110000000000100010011101011100100010000000000111110010
1010011111000100100001000100010100010001000010010001111100101010011111000000000100001100011100011000010000000001111100101
0101001111100010010011001010010100101001100100100011111001010101001111100000000100000010000000100000010000000011111001010
0010100111110001011110110001010101000110111101000111110010100010100111110000000010000010000000100000100000000111110010100
0101000011111000100011001010010100101001100010001111100001010101000011111000000001110010000000100111000000001111100001010
1010001001111100000001000100010100010001000000011111001000101010001001111100000000001010000000101000000000011111001000101
0100011100111110000001100000010100000011000000111110011100010100011100111110000000000101000001010000000000111110011100010
1010111110011111001110010000010100000100111001111100111110101010111110011111000000011000100010001100000001111100111110101
0101110111001111100100100000010100000010010011111001110111010101110111001111100000001000010100001000000011111001110111010
1011100011100111110011000000100010000001100111110011100011101011100011100111110000000000100010000000000111110011100011101
0111000001110011111000000001000001000000001111100111000001110111000001110011111000000001000001000000001111100111000001110
1110001000111001111100000010000000100000011111001110001000111110001000111001111100000010000000100000011111001110001000111
1100010100011100111110000111111111110000111110011100010100011100010100011100111110000111111111110000111110011100010100011
1000001010001110011111000000000000000001111100111000101000001000001010001110011111000000000000000001111100111000101000001
0001000101000111001111111111101111111111111001110001010001000001000101000111001111111111101111111111111001110001010001000
0010100010100011100111111111011111111111110011100010100010100010100010100011100111111111011111111111110011100010100010100
1001010001000111000011111110111111111111100001110001000101001001010001000111000011111110111111111111100001110001000101001
1000101000001110001001111101111111111111001000111000001010001000101000001110001001111101111111111111001000111000001010001
0100010100011100010100000011111000000000010100011100010100010100010100011100010100000011111000000000010100011100010100010
1010001000111010101010000111110111110000101010101110001000101010001000111010101010000111110111110000101010101110001000101
0101000001110101010101001111100011111001010101010111000001010101000001110101010101001111100011111001010101010111000001010
0010110011101010100010101111000001111010100010101011100110100010110011101010100010101111000001111010100010101011100110100
0101000001110101010101001111100011111001010101010111000001010101000001110101010101001111100011111001010101010111000001010
1010001000111010101010000111110111110000101010101110001000101010001000111010101010000111110111110000101010101110001000101
0100010100011100010100000000001111100000010100011100010100010100010100011100010100000000001111100000010100011100010100010
1000101000001110001001111111111111011111001000111000001010001000101000001110001001111111111111011111001000111000001010001
1001010001000111000011111111111110111111100001110001000101001001010001000111000011111111111110111111100001110001000101001
0010100010100011100111111111111101111111110011100010100010100010100010100011100111111111111101111111110011100010100010100
0001000101000111001111111111111011111111111001110001010001000001000101000111001111111111111011111111111001110001010001000
1000001010001110011111000000000000000001111100111000101000001000001010001110011111000000000000000001111100111000101000001
1100010100011100111110000000001000000000111110011100010100011100010100011100111110001000001000001000111110011100010100011
1110001000111001111100000000110110000000011111001110001000111110001000111001111100010100011100010100011111001110001000111
0111000001110011111000000011001001100000001111100111000001110111000001110011111000100010110110100010001111100111000001110
1011100011100111110000000011001001100000000111110011100011101011100011100111110000011100100010011100000111110011100011101
0101110111001111100000000100110110010000000011111001110111010101110111001111100000100000110110000010000011111001110111010
1010111110011111000100001100100010011000010001111100111110101010111110011111000101010000011100000101010001111100111110101
0100011100111110001010010011000001100100101000111110011100010100011100111110001010101000001000001010101000111110011100010
1010001001111100011011001100100010011001101100011111001000101010001001111100010001010111101011110101000100011111001000101
0101000011111000100000100100110110010010000010001111100001010101000011111000010001001111111111111001000100001111100001010
0010100111110000100000100011001001100010000010000111110010100010100111110000001010000110111110110000101000000111110010100
0101001111100000101010100011001001100010101010000011111001010101001111100001000100000000011100000000010001000011111001010
1010011111000000011011000000110110000001101100000001111100101010011111000001100100100110111110110010010011000001111100101
0100111110001010000100000000001000000000010000101000111110010100111110000000111111101001111111001011111110000000111110010
1000111100011011001000000100001000010000001001101100011110001000111100000000011111000111001001110001111100000000011110001
0000111100000100001000000110001000110000001000010000011110000000111100000000110101100010001000100011010110000000011110000
1100111100011011000100111000010100001110010001101100011110011100111100000000100100000101001001010000010010000000011110011
1110111100001010000011000100100010010001100000101000011110111110111100000000000100001000101010001000010000000000011110111
1111011100000000001100000010010100100000011000000000011110111111011100000000110010000101001001010000100110000000011110111
1111101100000000110011000001010101000001100110000000011110111111101100000011110001000010001000100001000111100000011110111
0111110100000000110000100001001001000010000110000000011110110111110100000000001101000000011100000001011000000000011110110
0011111000000000000000010000101010000100000000000000011110100011111000000000000011000000110110000001100000000000011110100
0001111100000000000001101100101010011011000000000000011111000001111100000000000001000000100010000001000000000000011111000
0010111100000000000001010100101010010101000000000000001111100010111100000000000011110000110110000111100000000000001111100
0110111100000000000001010100010100010101000000000000010111110110111100000000111100001000011100001000011110000000010111110
1110111100000000000010101010010100101010100000000000011011111110111100000001000000100100001000010010000001000000011011111
1110111100000000000001101100010100011011000000000000011101111110111100000010011111010010001000100101111100100000011101111
1110111100000000000000000000010100000000000000000000011110111110111100000100100000001001001001001000000010010000011110111
1100111100000000000001111000010100001111000000000000011110011100111100001001000011000100101010010001100001001000011110011
0000111100000000000010000100010100010000100000000000011110000000111100001010000100100010011100100010010000101000011110000
1000111100000000000100000010101010100000010000000000011110001000111100001010001110010001001001000100111000101000011110001
0100111110000000000100010011101011100100010000000000111110010100111110001001000001100000100010000011000001001000111110010
1010011111000000000100001100011100011000010000000001111100101010011111000100100001000100010100010001000010010001111100101
0101001111100000000100000010000000100000010000000011111001010101001111100010010011001010010100101001100100100011111001010
0010100111110000000010000010000000100000100000000111110010100010100111110001011110110001010101000110111101000111110010100
0101000011111000000001110010000000100111000000001111100001010101000011111000100011001010010100101001100010001111100001010
1010001001111100000000001010000000101000000000011111001000101010001001111100000001000100010100010001000000011111001000101
0100011100111110000000000101000001010000000000111110011100010100011100111110000001100000010100000011000000111110011100010
1010111110011111000000011000100010001100000001111100111110101010111110011111001110010000010100000100111001111100111110101
0101110111001111100000001000010100001000000011111001110111010101110111001111100100100000010100000010010011111001110111010
1011100011100111110000000000100010000000000111110011100011101011100011100111110011000000100010000001100111110011100011101
0111000001110011111000000001000001000000001111100111000001110111000001110011111000000001000001000000001111100111000001110
1110001000111001111100000010000000100000011111001110001000111110001000111001111100000010000000100000011111001110001000111
1100010100011100111110000111111111110000111110011100010100011100010100011100111110000111111111110000111110011100010100011
1000001010001110011111000000000000000001111100111000101000001000001010001110011111000000000000000001111100111000101000001
0001000101000111001111111111101111111111111001110001010001000001000101000111001111111111101111111111111001110001010001000
0010100010100011100111111111011111111111110011100010100010100010100010100011100111111111011111111111110011100010100010100
1001010001000111000011111110111111111111100001110001000101001001010001000111000011111110111111111111100001110001000101001
1000101000001110001001111101111111111111001000111000001010001000101000001110001001111101111111111111001000111000001010001
0100010100011100010100000011111000000000010100011100010100010100010100011100010100000011111000000000010100011100010100010
1010001000111010101010000111110111110000101010101110001000101010001000111010101010000111110111110000101010101110001000101
0101000001110101010101001111100011111001010101010111000001010101000001110101010101001111100011111001010101010111000001010
0010110011101010100010101111000001111010100010101011100110100010110011101010100010101111000001111010100010101011100110100
