1000000110001100001111111000011000110000001000000110001100001111111000011000110000001000000110001100001111111000011
1100001111011110011111111100111101111000011100001111011110011111111100111101111000011100001111011110011111111100111
1110000111011100111000001110011101110000111110000111011100111000001110011101110000111110000111011100111000001110011
1111000000100001110000000111000010000001111111000000100001110000000111000010000001111111000000100001110000000111000
0101100111010011100000000011100101110011010101100111010011100000000011100101110011010101100111010011100000000011100
1010101111001111000110000001111001111010101010101111001111000110000001111001111010101010101111001111000110000001111
1111000110001111001111000001111000110001111111000110001111001111000001111000110001111111000110001111001111000001111
1110000000011100101110000010011100000000111110000000011100101110000010011100000000111110000000011100101110000010011
1100000000111000010000000101001110000000011100000000111000010000000101001110000000011100000000111000010000000101001
0110000001110011101110001010100111000000110110000001110011101110001010100111000000110110000001110011101110001010100
0011111111100111101111000101000011111111100011111111100111101111000101000011111111100011111111100111101111000101000
0001111111000011000110000010000001111111000001111111000011000110000010000001111111000001111111000011000110000010000
