1000000000000000000000000000000000001000000000000000000000000000000000001000000000000000000000000000000000001000000
1101000000010000000000000100000001011101000000010000000000000100000001011101000000010000000000000100000001011101000
1011100000111000000000001110000011101011100000111000000000001110000011101011100000111000000000001110000011101011100
1110110001101000000000001011000110111110110001101000000000001011000110111110110001101000000000001011000110111110110
1000011011111000000000001111101100001000011011111000000000001111101100001000011011111000000000001111101100001000011
1000011000111100000000011110001100001000011000111100000000011110001100001000011000111100000000011110001100001000011
1010110001111110000000111111000110101010110001111110000000111111000110101010110001111110000000111111000110101010110
1011100001111111000001111111000011101011100001111111000001111111000011101011100001111111000001111111000011101011100
1001000000101011100011101010000001001001000000101011100011101010000001001001000000101011100011101010000001001001000
1100000000101001110111001010000000011100000000101001110111001010000000011100000000101001110111001010000000011100000
1110000001010100111110010101000000111110000001010100111110010101000000111110000001010100111110010101000000111110000
