0111110100000010100011100010100000010111110111110100000010100011100010100000010111110111110100000010100011100010100
1000010110000001100100010011000000110100001000010110000001100100010011000000110100001000010110000001100100010011000
1000001100000011100011100011100000011000001000001100000011100011100011100000011000001000001100000011100011100011100
1101011110000000010001000100000000111101011101011110000000010001000100000000111101011101011110000000010001000100000
0110001010001001001001001001001000101000110110001010001001001001001001001000101000110110001010001001001001001001001
0011000001001101100101010011011001000001100011000001001101100101010011011001000001100011000001001101100101010011011
0111100000110001111111111111000110000011110111100000110001111111111111000110000011110111100000110001111111111111000
1111111000110000011110111100000110001111111111111000110000011110111100000110001111111111111000110000011110111100000
1010011011001000001100011000001001101100101010011011001000001100011000001001101100101010011011001000001100011000001
1001001001000101000110110001010001001001001001001001000101000110110001010001001001001001001001000101000110110001010
1000100000000111101011101011110000000010001000100000000111101011101011110000000010001000100000000111101011101011110
1100011100000011000001000001100000011100011100011100000011000001000001100000011100011100011100000011000001000001100
0010011000000110100001000010110000001100100010011000000110100001000010110000001100100010011000000110100001000010110
1100010100000010111110111110100000010100011100010100000010111110111110100000010100011100010100000010111110111110100
