1000000001000000011111000001111100000001000000001000000001000000011111000001111100000001000000001000000001000000011
1100000011100000110001100011000110000011100000011100000011100000110001100011000110000011100000011100000011100000110
1110001110100000100100110110010010000010111000111110001110100000100100110110010010000010111000111110001110100000100
1111000011100000101110011100111010000011100001111111000011100000101110011100111010000011100001111111000011100000101
1110000011110000100101001001010010000111100000111110000011110000100101001001010010000111100000111110000011110000100
1100000011111000011000101010001100001111100000011100000011111000011000101010001100001111100000011100000011111000011
1000000111111111111100011100011111111111110000001000000111111111111100011100011111111111110000001000000111111111111
1000101111110000011110001000111100000111111010001000101111110000011110001000111100000111111010001000101111110000011
1001101111111111111111001001111111111111111011001001101111111111111111001001111111111111111011001001101111111111111
1110001111111111111000011100001111111111111000111110001111111111111000011100001111111111111000111110001111111111111
1000001111111111110000001000000111111111111000001000001111111111110000001000000111111111111000001000001111111111110
1000000111111111100000001000000011111111110000001000000111111111100000001000000011111111110000001000000111111111100
1000000011111111000000001000000001111111100000001000000011111111000000001000000001111111100000001000000011111111000
1100000000010100000000011100000000010100000000011100000000010100000000011100000000010100000000011100000000010100000
1110000000010100000000111110000000010100000000111110000000010100000000111110000000010100000000111110000000010100000
1111000000010100000001111111000000010100000001111111000000010100000001111111000000010100000001111111000000010100000
1111100000101010000011111111100000101010000011111111100000101010000011111111100000101010000011111111100000101010000
