1000001000001000001000000010000010000000100000100000001100011000000010000010000010000010000010000010000000100000100
1100011000011100010110000011000110000001110001011000011110111100000111000101100011000110000111000101100000110001100
1110111000111110011000000011101110000011111001100000101110111010001111100110000011101110001111100110000000111011100
0110110001111111011000011101101101110111111101100001110110110111011111110110000001101100011111110110000111011011011
1010101001010111111100001110101011100101011111110001111010101111010101111111000010101010010101111111000011101010111
1101011101010101111110000111010111000101010111111000111101011110010101011111100111010111010101011111100001110101110
1010101001010101110111000000111000000101010111011100000011100000010101011101110010101010010101011101110000001110000
0110110001010001101111000111010111000101000110111100111101011110010100011011110001101100010100011011110001110101110
1110111001010011111110001110101011100101001111111001111010101111010100111111100011101110010100111111100011101010111
1100011101010110010100011101101101110101011001010001110110110111010101100101000111000111010101100101000111011011011
1001001101001100010100000011101110000100110001010000101110111010010011000101000110010011010011000101000000111011100
0011100100011000010100000011000110000001100001010000011110111100000110000101000100111001000110000101000000110001100
0111110000010000101010000010000010000001000010101000001100011000000100001010100001111100000100001010100000100000100
