1000000000001111011110000000000010000000000011110111100000000000100000000000111101111000000000001000000000001111011
1100000000010001110001000000000111000000000100011100010000000001110000000001000111000100000000011100000000010001110
1010000000100000100000100000001010100000001000001000001000000010101000000010000010000010000000101010000000100000100
0101100001000000100000010000110101011000010000001000000100001101010110000100000010000001000011010101100001000000100
0011100001000001010000010000111000111000010000010100000100001110001110000100000101000001000011100011100001000001010
1011010001001101010110010001011010110100010011010101100100010110101101000100110101011001000101101011010001001101010
1100110010001110001110001001100111001100100011100011100010011001110011001000111000111000100110011100110010001110001
1011010010010110101101001001011010110100100101101011010010010110101101001001011010110100100101101011010010010110101
0011100010011001110011001000111000111000100110011100110010001110001110001001100111001100100011100011100010011001110
0101100100010110101101000100110101011001000101101011010001001101010110010001011010110100010011010101100100010110101
0100000100001110001110000100000101000001000011100011100001000001010000010000111000111000010000010100000100001110001
1000000100001101010110000100000010000001000011010101100001000000100000010000110101011000010000001000000100001101010
1000001000000010101000000010000010000010000000101010000000100000100000100000001010100000001000001000001000000010101
1100010000000001110000000001000111000100000000011100000000010001110001000000000111000000000100011100010000000001110
0111100000000000100000000000111101111000000000001000000000001111011110000000000010000000000011110111100000000000100
