11111111111111111111111111111111111111111111111111111111111111111111111111111
10000000010000000000000000000000000000000000000000000000000000000001000000001
10000000100000000000000000000000000100000100000000000000000000000000100000001
10000001000000000000000000001100000110101100000110000000000000000000010000001
10000010000000000000000000010010011010101011001001000000000000000000001000001
10000100000000000000000000011000111101110111100011000000000000000000000100001
10001000000000000000000000011000001101010110000011000000000000000000000010001
10010000000000000000000000101100001101010110000110100000000000000000000001001
10100000000000000000000001010110001101010110001101010000000000000000000000101
11000000000000000000001110101011001101010110011010101110000000000000000000011
10000000000000000000010111010101001110101110010101011101000000000000000000001
10000000000000011110010001101011000011011000011010110001001111000000000000001
10000000000011111001001000110110100101110100101101100010010011111000000000001
10000000000100111001000000011101110110101101110111000000010011100100000000001
10000000001000000100100000000011111010101011111000000000100100000010000000001
10000000001000000100000000000110001101010110001100000000000100000010000000001
10000000001000000100000000001011100101010100111010000000000100000010000000001
10000011101000000010000000011000100101010100100011000000001000000010111000001
10000101001000000001000000001000100101010100100010000000010000000010010100001
10001001001000000000111100000000010101010101000000000111100000000010010010001
10001001000100000000000011000000001110101110000000011000000000000100010010001
10001000110011000000000000100000000111011100000000100000000000011001100010001
10001000001100111000000000010000000000100000000001000000000011100110000010001
10000100000011000111100000001000000110101100000010000000111100011000000100001
10000011000000110000011000001000001001010010000010000011000001100000011000001
10000000111110001110001110001000001001010010000010001110001110001111100000001
10000000000001000001100101111000001001010010000011110100110000010000000000001
10000000000011100000110010001001110100100101110010001001100000111000000000001
10000000011100011100011010001010001011011010001010001011000111000111000000001
10000011100000000011100100001010000101010100001010000100111000000000111000001
10001100000000000000011011110101110111011101110101111011000000000000000110001
10110000011111111111100000001010001000100010001010000000111111111111000001101
10001100000000000000011011110101110111011101110101111011000000000000000110001
10000011100000000011100100001010000101010100001010000100111000000000111000001
10000000011100011100011010001010001011011010001010001011000111000111000000001
10000000000011100000110010001001110100100101110010001001100000111000000000001
10000000000001000001100101111000001001010010000011110100110000010000000000001
10000000111110001110001110001000001001010010000010001110001110001111100000001
10000011000000110000011000001000001001010010000010000011000001100000011000001
10000100000011000111100000001000000110101100000010000000111100011000000100001
10001000001100111000000000010000000000100000000001000000000011100110000010001
10001000110011000000000000100000000111011100000000100000000000011001100010001
10001001000100000000000011000000001110101110000000011000000000000100010010001
10001001001000000000111100000000010101010101000000000111100000000010010010001
10000101001000000001000000001000100101010100100010000000010000000010010100001
10000011101000000010000000011000100101010100100011000000001000000010111000001
10000000001000000100000000001011100101010100111010000000000100000010000000001
10000000001000000100000000000110001101010110001100000000000100000010000000001
10000000001000000100100000000011111010101011111000000000100100000010000000001
10000000000100111001000000011101110110101101110111000000010011100100000000001
10000000000011111001001000110110100101110100101101100010010011111000000000001
10000000000000011110010001101011000011011000011010110001001111000000000000001
10000000000000000000010111010101001110101110010101011101000000000000000000001
11000000000000000000001110101011001101010110011010101110000000000000000000011
10100000000000000000000001010110001101010110001101010000000000000000000000101
10010000000000000000000000101100001101010110000110100000000000000000000001001
10001000000000000000000000011000001101010110000011000000000000000000000010001
10000100000000000000000000011000111101110111100011000000000000000000000100001
10000010000000000000000000010010011010101011001001000000000000000000001000001
10000001000000000000000000001100000110101100000110000000000000000000010000001
10000000100000000000000000000000000100000100000000000000000000000000100000001
10000000010000000000000000000000000000000000000000000000000000000001000000001
11111111111111111111111111111111111111111111111111111111111111111111111111111
