1100000001111101000001011111000000011
1011111110000010100010100000111111101
0101111011000001010101000001101111010
0110110001000010101010100001000110110
0111011011011100010100011101101101110
0111101110001100001000011000111011110
0110110100110100001000010110010110110
0100011100010000001000000100011100010
0110110000000000001000000000000110110
1011100000000011101011100000000011101
1000001000000110110110110000001000001
1000101100011100010100011100011010001
1000110000010110110110110100000110001
1000111000111011110111101110001110001
0101000001101101110111011011000001010
1010000001000110110110110001000000101
0101000001101111010101111011000001010
0010100000111111101011111110000010100
0001011111000000011100000001111101000
0010100000111111101011111110000010100
0101000001101111010101111011000001010
1010000001000110110110110001000000101
0101000001101101110111011011000001010
1000111000111011110111101110001110001
1000110000010110110110110100000110001
1000101100011100010100011100011010001
1000001000000110110110110000001000001
1011100000000011101011100000000011101
0110110000000000001000000000000110110
0100011100010000001000000100011100010
0110110100110100001000010110010110110
0111101110001100001000011000111011110
0111011011011100010100011101101101110
0110110001000010101010100001000110110
0101111011000001010101000001101111010
1011111110000010100010100000111111101
1100000001111101000001011111000000011
