01000000000000000000001110000000000000000000010
11000000001100000000011111000000000110000000011
00100000011110000000110101100000001111000000100
00010000110111000001100100110000011101100001000
00000010111010000011001110011000001011101000000
00000111011100000110011011001100000111011100000
00001101101110001100110001100110001110110110000
00000110111111111000011011000011111111101100000
00011011000000000000001110000000000000011011000
00111101000000000000000100000000000000010111100
01101111000000000000000000000000000000011110110
01110111000000000000000000000000000000011101110
00111011000000101000000000000010100000011011100
00010001000001101000000100000010110000010001000
00000001000011101000001110000010111000010000000
00000001000000011000011011000011000000010000000
00000011000011111001110001110011111000011000000
00000110000000000110011011001100000000001100000
00001100000000000110001010001100000000000110000
00011000000000001001001010010010000000000011000
00110010000000001000001010000010000000001001100
01100111000000011100001010000111000000011100110
11001101100000110111111011111101100000110110011
11111000110001100000000000000000110001100011111
11001101100000110111111011111101100000110110011
01100111000000011100001010000111000000011100110
00110010000000001000001010000010000000001001100
00011000000000001001001010010010000000000011000
00001100000000000110001010001100000000000110000
00000110000000000110011011001100000000001100000
00000011000011111001110001110011111000011000000
00000001000000011000011011000011000000010000000
00000001000011101000001110000010111000010000000
00010001000001101000000100000010110000010001000
00111011000000101000000000000010100000011011100
01110111000000000000000000000000000000011101110
01101111000000000000000000000000000000011110110
00111101000000000000000100000000000000010111100
00011011000000000000001110000000000000011011000
00000110111111111000011011000011111111101100000
00001101101110001100110001100110001110110110000
00000111011100000110011011001100000111011100000
00000010111010000011001110011000001011101000000
00010000110111000001100100110000011101100001000
00100000011110000000110101100000001111000000100
11000000001100000000011111000000000110000000011
01000000000000000000001110000000000000000000010
