1101010000001000000101011000000011111101111110000000110101000000100000010101100000001111110111111000000011010100000
0101100000110110000011010000000100000111000001000000010110000011011000001101000000010000011100000100000001011000001
1001110001001001000111001000001000000010000000100000100111000100100100011100100000100000001000000010000010011100010
1010000001001001000000101000010000000101000000010000101000000100100100000010100001000000010100000001000010100000010
0100110010110110100110010100100000011010110000001001010011001011011010011001010010000001101011000000100101001100101
1011010011000001100101101001000000100010001000000100101101001100000110010110100100000010001000100000010010110100110
1000000010110110100000001010000011000010000110000010100000001011011010000000101000001100001000011000001010000000101
1010000001001001000000101010000100000101000001000010101000000100100100000010101000010000010100000100001010100000010
0100000001001001000000010010011011000101000110110010010000000100100100000001001001101100010100011011001001000000010
0001000000110110000001000010010101000101000101010010000100000011011000000100001001010100010100010101001000010000001
0000111110001000111110000110101110100010001011101011000011111000100011111000011010111010001000101110101100001111100
1000001001001001001000001010010101000010000101010010100000100100100100100000101001010100001000010101001010000010010
1000000111110111110000001010011011000101000110110010100000011111011111000000101001101100010100011011001010000001111
1000010000001000000100001010000100000010000001000010100001000000100000010000101000010000001000000100001010000100000
1001101100010100011011001010000001111101111100000010100110110001010001101100101000000111110111110000001010011011000
1001010100001000010101001010000010010010010010000010100101010000100001010100101000001001001001001000001010010101000
1010111010001000101110101100001111100010001111100001101011101000100010111010110000111110001000111110000110101110100
1001010100010100010101001000010000001101100000010000100101010001010001010100100001000000110110000001000010010101000
1001101100010100011011001001000000010010010000000100100110110001010001101100100100000001001001000000010010011011000
1000010000010100000100001010100000010010010000001010100001000001010000010000101010000001001001000000101010000100000
1000001100001000011000001010000000101101101000000010100000110000100001100000101000000010110110100000001010000011000
0100000010001000100000010010110100110000011001011010010000001000100010000001001011010011000001100101101001000000100
0010000001101011000000100101001100101101101001100101001000000110101100000010010100110010110110100110010100100000011
0001000000010100000001000010100000010010010000001010000100000001010000000100001010000001001001000000101000010000000
0000100000001000000010000010011100010010010001110010000010000000100000001000001001110001001001000111001000001000000
0000010000011100000100000001011000001101100000110100000001000001110000010000000101100000110110000011010000000100000
0000001111110111111000000011010100000010000001010110000000111111011111100000001101010000001000000101011000000011111
