0000000000000000000000000000000000000100000000000000000000000000000000000000000100000000000000000000000000000000000
0000000000000000000000000000000000001110000000000000000000000000000000000000001110000000000000000000000000000000000
0000000000000000000000000001111000011011100000000000000000000000000001111000011011100000000000000000000000000001111
0000000000000000000000000001000000111110000000000000000000000000000001000000111110000000000000000000000000000001000
0000000000000000000000010001111000011111100000000000000000000000010001111000011111100000000000000000000000010001111
0111000001000111100000111100001000011100000111000001000111100000111100001000011100000111000001000111100000111100001
0001000011110000100001101001111000111110000001000011110000100001101001111000111110000001000011110000100001101001111
1111000110100111100000111101011111111111001111000110100111100000111101011111111111001111000110100111100000111101011
1000000011110100000000110001111111111111101000000011110100000000110001111111111111101000000011110100000000110001111
1111111111100111111111111001111111111111001111111111100111111111111001111111111111001111111111100111111111111001111
1111111111100111111111111101111111111110001111111111100111111111111101111111111110001111111111100111111111111101111
1111111111110111111111111000111111111100001111111111110111111111111000111111111100001111111111110111111111111000111
0100100100100010010010010000010010010110000100100100100010010010010000010010010110000100100100100010010010010000010
0110110110110011011011011000011011011000000110110110110011011011011000011011011000000110110110110011011011011000011
