0001111100011111111110000011111111110001111100000111110001111111111000001111111111000111110000011111000111111111100
0011000110001110011111000111110011100011000110001100011000111001111100011111001110001100011000110001100011100111110
0110010011000100110011101110011001000110010011011001001100010011001110111001100100011001001101100100110001001100111
1100111001100001100001111100001100001100111001110011100110000110000111110000110000110011100111001110011000011000011
1001111100110011001000010000100110011001111100100111110011001100100001000010011001100111110010011111001100110010000
1000111110011001111100010001111100110011111000100011111001100111110001000111110011001111100010001111100110011111000
1000010011001100111110010011111001100110010000100001001100110011111001001111100110011001000010000100110011001111100
1110000110000110011100111001110011000011000011111000011000011001110011100111001100001100001111100001100001100111001
0111001100100011001001101100100110001001100111011100110010001100100110110010011000100110011101110011001000110010011
0011111001110001100011000110001100011100111110001111100111000110001100011000110001110011111000111110011100011000110
0001111111111000111110000011111000111111111100000111111111100011111000001111100011111111110000011111111110001111100
