0000011111111011111111000000000011111111011111111000000000011111111011111111000000000011111111011111111000000000011
0000100000000100000000100000000100000000100000000100000000100000000100000000100000000100000000100000000100000000100
0001011111111011111111010000001011111111011111111010000001011111111011111111010000001011111111011111111010000001011
0010101010000000001010101000010101010000000001010101000010101010000000001010101000010101010000000001010101000010101
0101001010000000001010010100101001010000000001010010100101001010000000001010010100101001010000000001010010100101001
0101001010000000001010010100101001010000000001010010100101001010000000001010010100101001010000000001010010100101001
0101010100000100000101010100101010100000100000101010100101010100000100000101010100101010100000100000101010100101010
1111101000001110000010111111111101000001110000010111111111101000001110000010111111111101000001110000010111111111101
0000010000011111000001000000000010000011111000001000000000010000011111000001000000000010000011111000001000000000010
1111100000111111100000111111111100000111111100000111111111100000111111100000111111111100000111111100000111111111100
0100100001000100010000100100100100001000100010000100100100100001000100010000100100100100001000100010000100100100100
0100101001100100110010100100100101001100100110010100100100101001100100110010100100100101001100100110010100100100101
0101010001110101110001010100101010001110101110001010100101010001110101110001010100101010001110101110001010100101010
1000000010110101101000000011000000010110101101000000011000000010110101101000000011000000010110101101000000011000000
0000100111010101011100100000000100111010101011100100000000100111010101011100100000000100111010101011100100000000100
0001101111110101111110110000001101111110101111110110000001101111110101111110110000001101111110101111110110000001101
0011100000001010000000111000011100000001010000000111000011100000001010000000111000011100000001010000000111000011100
0111111111110101111111111100111111111110101111111111100111111111110101111111111100111111111110101111111111100111111
0011100000001010000000111000011100000001010000000111000011100000001010000000111000011100000001010000000111000011100
0001101111110101111110110000001101111110101111110110000001101111110101111110110000001101111110101111110110000001101
0000100111010101011100100000000100111010101011100100000000100111010101011100100000000100111010101011100100000000100
1000000010110101101000000011000000010110101101000000011000000010110101101000000011000000010110101101000000011000000
0101010001110101110001010100101010001110101110001010100101010001110101110001010100101010001110101110001010100101010
0100101001100100110010100100100101001100100110010100100100101001100100110010100100100101001100100110010100100100101
0100100001000100010000100100100100001000100010000100100100100001000100010000100100100100001000100010000100100100100
1111100000111111100000111111111100000111111100000111111111100000111111100000111111111100000111111100000111111111100
0000010000011111000001000000000010000011111000001000000000010000011111000001000000000010000011111000001000000000010
1111101000001110000010111111111101000001110000010111111111101000001110000010111111111101000001110000010111111111101
0101010100000100000101010100101010100000100000101010100101010100000100000101010100101010100000100000101010100101010
0101001010000000001010010100101001010000000001010010100101001010000000001010010100101001010000000001010010100101001
0101001010000000001010010100101001010000000001010010100101001010000000001010010100101001010000000001010010100101001
0010101010000000001010101000010101010000000001010101000010101010000000001010101000010101010000000001010101000010101
0001011111111011111111010000001011111111011111111010000001011111111011111111010000001011111111011111111010000001011
0000100000000100000000100000000100000000100000000100000000100000000100000000100000000100000000100000000100000000100
0000011111111011111111000000000011111111011111111000000000011111111011111111000000000011111111011111111000000000011
