000000000000000000000010000000000000000000000
000000000000000000000010000000000000000000000
000000000000000000000111000000000000000000000
000000000000000000000101000000000000000000000
000000000000011110001101100011110000000000000
000000000000111111001010100111111000000000000
000000000000100111001101100111001000000000000
000000000000110011001101100110011000000000000
000000000000000011001010100110000000000000000
000000000000000011001101100110000000000000000
000000000000000011001101100110000000000000000
000000000000000011001010100110000000000000000
000000000000000011101101101110000000000000000
000000001110000001110111011100000011100000000
000000011111000000111010111000000111110000000
000000111001000000000010000000000100111000000
000000111001000011110010011110000100111000000
000000111000000100011010110001000000111000000
000000011000000000011010110000000000110000000
000000001111111110011010110011111111100000000
000000000111111111011010110111111111000000000
000000000000000001111010111100000000000000000
000000000000000000111010111000000000000000000
000000000000000000111010111000000000000000000
000000000111111100011010110001111111000000000
000000001111100010001010100010001111100000000
000000001111100001000111000100001111100000000
000000110111011000100111001000110111011000000
000001111010111100010101010001111010111100000
000001111101111100010101010001111101111100000
000001111010111100001101100001111010111100000
000000110111011000000111000000110111011000000
000000001111100011111010111110001111100000000
000000001111100111111111111111001111100000000
000000000111000111111101111111000111000000000
000000000000000111110101011111000000000000000
000111000011100011100101001110001110000111000
001101000111110000000101000000011111000101100
011101001100010000001101100000010001100101110
111010001111000000011000110000000111100010111
100101001111100000011000110000001111100101001
111011100111110000011000110000011111001110111
000001110011111000011000110000111110011100000
000000111001111000011000110000111100111000000
001110011100111000011000110000111001110011100
011111001110110000011000110000011011100111110
110111100110100000011000110000001011001111011
110111110001000000001101100000000100011111011
110011111110111100000101000001111011111110011
011001111100000100000101000001000001111100110
000000111000000111000101000111000000111000000
000000000000000001000010000100000000000000000
000000000000010001111010111100010000000000000
000000000000011111001010100111110000000000000
000000000000000000000101000000000000000000000
000000011110000000000101000000000011110000000
000000110001000000000101000000000100011000000
000001100000100110000101000011001000001100000
000011100000010011100010001110010000001110000
000101010000001001110010011100100000010101000
001010101000000100111010111001000000101010100
011010101100000010111101111010000001101010110
011010101100001001011101110100100001101010110
011010101100001100101101101001100001101010110
011010101100000110010101010011000001101010110
011010101100000111101101101111000001101010110
011010101100000011110101011110000001101010110
111001001110000001111101111100000011100100111
000000000000000000000010000000000000000000000
000000000000000000001010100000000000000000000
000000001111110000011101110000011111100000000
000000011111111000111101111000111111110000000
000000110000011100110111011001110000011000000
000001100000001111100010001111100000001100000
000001100001101100001111100001101100001100000
000001100011011001111111111100110110001100000
000001100001110001110010011100011100001100000
000000100000100011001101100110001000001000000
000000100000000011001101100110000000001000000
000000111000000011001101100110000000111000000
000000011100000011001101100110000001110000000
000000001111000110011000110011000111100000000
000000000111100110011000110011001111000000000
000000000000110011001101100110011000000000000
000000000000110011001101100110011000000000000
000000000000010011000101000110010000000000000
000000001110010001100101001100010011100000000
000000011010110000111010111000011010110000000
000000110001100000101010101000001100011000000
000000011111000000001111100000000111110000000
000000001110000000000111000000000011100000000
000000000000000000000111000000000000000000000
000000000000000000000111000000000000000000000
000000000000000000111101111000000000000000000
000000000000000001111000111100000000000000000
000000000000000011111101111110000000000000000
000000000000000111111111111111000000000000000
