1101011111010111110011111110111011111110011111010111110101111100111111101110111111100111110101111101011111001111111
1101101110110111100111111111010111111111001111011011101101111001111111110101111111110011110110111011011110011111111
0011110101111000001110000011101110000011100000111101011110000011100000111011100000111000001111010111100000111000001
1110111011101110011100111001101100111001110011101110111011100111001110011011001110011100111011101110111001110011100
0111011011011100110110011100101001110011011001110110110111001101100111001010011100110110011101101101110011011001110
0011101010111001100011001110101011100110001100111010101110011000110011101010111001100011001110101011100110001100111
1001110101110011001001100111010111001100100110011101011100110010011001110101110011001001100111010111001100100110011
1100001110000110011100110000111000011001110011000011100001100111001100001110000110011100110000111000011001110011000
1001110101110011001001100111010111001100100110011101011100110010011001110101110011001001100111010111001100100110011
0011101010111001100011001110101011100110001100111010101110011000110011101010111001100011001110101011100110001100111
0111001010011100110110011101101101110011011001110010100111001101100111011011011100110110011100101001110011011001110
1110011011001110011100111011101110111001110011100110110011100111001110111011101110011100111001101100111001110011101
0000111011100000111000001111010111100000111000001110111000001110000011110101111000001110000011101110000011100000111
1111110101111111110011110110111011011110011111111101011111111100111101101110110111100111111111010111111111001111011
1111101110111111100111110101111101011111011111111011101111111001111101011111010111110111111110111011111110011111010
