1110111110111000010000011100000011100000011100000100001110111110111
1110100010101001101000111110000111110000111110001011001010100010111
1110100010001000011001111111000011100001111111001100001000100010111
0001100011111000011001111111000001000001111111001100001111100011000
1111100000000000111011010101000001000001010101101110000000000011111
1000010101010001111111010101001111111001010101111111000101010100001
1000001001100001111110010101011011101101010100111111000011001000001
1000010101110000111111000101000101010001010001111110000111010100001
1111000010000000010101100001000101010001000011010100000000100001111
0001011101010101010100110100000001000000010110010101010101011101000
1101001100100110101010011100001011101000011100101010110010011001011
1001010101010111000000001000001111111000001000000001110101010101001
1111000000001000000000000011100111110011100000000000001000000001111
0000000001110101010100000111110011100111110000010101010111000000000
0000000000110010011000001111111001001111111000001100100110000000000
0100011001010101011100011111111101011111111100011101010101001100010
0100111100100000100000111111111101011111111110000010000010011110010
1011111111000111010101111111111101011111111111010101110001111111101
0111111100100011001001111110001101011000111111001001100010011111110
0000011111000101010100111100100101010010011110010101010001111100000
0000111100100000000010011100000101010000011100100000000010011110000
0011100110000000011001001100010101010100011001001100000000110011100
0111000011000000111100100111100101010011110010011110000001100001110
1111111001100001111110010011010101010101100100111111000011001111111
1111000000110011111111001010000101010000101001111111100110000001111
1111111101100111111111100100001111111000010011111111110011011111111
0111000000001111111000111011110111110111101110001111111000000001110
0011111110001111110000110010010001000100100110000111111000111111100
0000000000001111110100100010010100010100100010010111111000000000000
0000001000000111110001010011110110110111100101000111110000001000000
0000011000110011111000000100000111110000010000001111100110001100000
0100010110011001111111111110111101011110111111111111001100110100010
1110011000111100000000000110011000001100110000000000011110001100111
1111111111111111111111111111001101011001111111111111111111111111111
1110011000111100000000000110011000001100110000000000011110001100111
0100010110011001111111111110111101011110111111111111001100110100010
0000011000110011111000000100000111110000010000001111100110001100000
0000001000000111110001010011110110110111100101000111110000001000000
0000000000001111110100100010010100010100100010010111111000000000000
0011111110001111110000110010010001000100100110000111111000111111100
0111000000001111111000111011110111110111101110001111111000000001110
1111111101100111111111100100001111111000010011111111110011011111111
1111000000110011111111001010000101010000101001111111100110000001111
1111111001100001111110010011010101010101100100111111000011001111111
0111000011000000111100100111100101010011110010011110000001100001110
0011100110000000011001001100010101010100011001001100000000110011100
0000111100100000000010011100000101010000011100100000000010011110000
0000011111000101010100111100100101010010011110010101010001111100000
0111111100100011001001111110001101011000111111001001100010011111110
1011111111000111010101111111111101011111111111010101110001111111101
0100111100100000100000111111111101011111111110000010000010011110010
0100011001010101011100011111111101011111111100011101010101001100010
0000000000110010011000001111111001001111111000001100100110000000000
0000000001110101010100000111110011100111110000010101010111000000000
1111000000001000000000000011100111110011100000000000001000000001111
1001010101010111000000001000001111111000001000000001110101010101001
1101001100100110101010011100001011101000011100101010110010011001011
0001011101010101010100110100000001000000010110010101010101011101000
1111000010000000010101100001000101010001000011010100000000100001111
1000010101110000111111000101000101010001010001111110000111010100001
1000001001100001111110010101011011101101010100111111000011001000001
1000010101010001111111010101001111111001010101111111000101010100001
1111100000000000111011010101000001000001010101101110000000000011111
0001100011111000011001111111000001000001111111001100001111100011000
1110100010001000011001111111000011100001111111001100001000100010111
1110100010101001101000111110000111110000111110001011001010100010111
1110111110111000010000011100000011100000011100000100001110111110111
