0000000000110100000000010000001000000100000000000100000001000000010000000000010000001000000100000000010110000000000
0111111001111000000000011000010100001100000000000110000011100000110000000000011000010100001100000000001111001111110
0111101011100100000000011100100010011100000000000111000100010001110000000000011100100010011100000000010011101011110
0111101011110000000000011110100010111100000000000111100100010011110000000000011110100010111100000000000111101011110
0111010011011000000111101110100010111011110001111011100100010011101111000111101110100010111011110000001101100101110
0100111001101100000011110110011100110111100110111101100011100011011110110011110110011100110111100000011011001110010
0111011100110110000001111010001000101111001110011110100001000010111100111001111010001000101111000000110110011101110
0000001110011110000000111101001001011110001111001111010111110101111001111000111101001001011110000000111100111000000
0011100111001110000000000010111110100000000111111100101111111010011111110000000010111110100000000000111001110011100
0111110011101100000000000001001001000000000011100010011111111100100011100000000001001001000000000000011011100111110
1111011001101000000000000000111111111000000000011101011101011101011100000000001111111110000000000000001011001101111
1101101100010000000000000001000000000100000000110110101011101010110110000000010000000001000000000000000100011011011
0100110111101101100000000010000000000010000001110011010111110101100111000000100000000000100000000011011011110110010
1010011111001101000000000100000000000001000001111011110111110111101111000001000000000000010000000001011001111100101
0000001110000011011000001000100000001000100001111111110111110111111111000010001000000010001000001101100000111000000
0000000000001111010000010000110000011000010000111110110111110110111110000100001100000110000100000101111000000000000
0000000000001000110000100000111000111000001100011011011011101101101100011000001110001110000010000110001000000000000
0000000001000011110001000000111101111000000100000011001101011001100000010000001111011110000001000111100001000000000
0000000011100010001110000000111101111000000100000001100111110011000000010000001111011110000000111000100011100000000
0000000111110000001110011111011101110111110100000000111101011110000000010111110111011101111100111000000111110000000
0000000111110000000110001111101101101111101100000000011011101100000000011011111011011011111000110000000111110000000
0000000111110000000110000111110101011111011000000000000111110000000000001101111101010111110000110000000111110000000
0000000111110000000110000011111010111110110000000000000111110000000000000110111110101111100000110000000111110000000
0000110111110110000110000000000111000001100000000010000111110000100000000011000001110000000000110000110111110110000
0001111010101111000110000011111010111110000000000011000111110001100000000000111110101111100000110001111010101111000
0011111101011111100110000111110101011111000000000011100111110011100000000001111101010111110000110011111101011111100
0011111011101111100010001111101101101111100000000011110011100111100000000011111011011011111000100011111011101111100
0001110111110111000011011111011101110111110000111101110011100111011110000111110111011101111101100001110111110111000
0000000111110000000001100000111101111000000000011110110001000110111100000000001111011110000011000000000111110000000
0011110111110111100000110000111101111000000000001111010001000101111000000000001111011110000110000011110111110111100
0111111011101111110000011000111000111000000000000111101011101011110000000000001110001110001100000111111011101111110
1100011101011100011000001100110000011000000000000000010110110100000000000000001100000110011000001100011101011100011
1100001101011000011000000110100000001000000000000000001110111000000000000000001000000010110000001100001101011000011
0110000111110000110000000011000000000000000000011111110010100111111100000000000000000001100000000110000111110000110
0000110011100110000000000001111111111000000011110000001110111000000111100000001111111111000000000000110011100110000
0001111001001111000000000000111111111100011110000000011010101100000000111100011111111110000000000001111001001111000
0001111011101111000000000001000000001111110000000111110110110111110000000111111000000001000000000001111011101111000
0000110011100110000000000001000000001000000000001100001110111000011000000000001000000001000000000000110011100110000
0000001111111000000000000011000000010000000000011100000110110000011100000000000100000001100000000000001111111000000
0000110011100110000000000010000000010000000000011000100010100010001100000000000100000000100000000000110011100110000
0001111011101111000000000110000000111000000000110001110010100111000110000000001110000000110000000001111011101111000
0001111001001111000000001100011111010111110000110011000110110001100110000111110101111100011000000001111001001111000
0000110001000110000000011000111110101011111000110011001101011001100110001111101010111110001100000000110001000110000
0000000001100000000000110001111101101101111100110001111001001111000110011111011011011111000110000000000011000000000
0000000000110000000001100011111011101110111110110000110011100110000110111110111011101111100011000000000110000000000
0000000000011000000111000000000111101111000000011000000111110000001100000001111011110000000001110000001100000000000
0000000000001100011100000000000111101111000000001100001110111000011000000001111011110000000000011100011000000000000
0000000000000111110000000000000111000111000000000110001110111000110000000001110001110000000000000111110000000000000
0000000000000000000000000000000110000011000000000011111100011111100000000001100000110000000000000000000000000000000
0000000000000000000000000000000100000001000000000001111000001111000000000001000000010000000000000000000000000000000
