011000011111000011000110000111110000110
110000001110000001101100000011100000011
100000100100100000111000001001001000001
100001110101110000111000011101011100001
100011010101011000111000110101010110001
100011000100011000111000110001000110001
100101101110110100111001011011101101001
101110100100101110111011101001001011101
100111010101011100111001110101010111001
100000111111100000111000001111111000001
100011111111111000111000111111111110001
100110011111001100111001100111110011001
100110101110101100111001101011101011001
100011101110111000111000111011101110001
110001001110010001101100010011100100011
011000011011000011000110000110110000110
001111110001111110000011111100011111100
000111100000111100010001111000001111000
100011000000011000111000110000000110001
000110000100001100010001100001000011000
001100001110000110000011000011100001100
011000011111000011000110000111110000110
110000001110000001101100000011100000011
100000100100100000111000001001001000001
100001110101110000111000011101011100001
100011010101011000111000110101010110001
100011000100011000111000110001000110001
100101101110110100111001011011101101001
101110100100101110111011101001001011101
100111010101011100111001110101010111001
100000111111100000111000001111111000001
100011111111111000111000111111111110001
100110011111001100111001100111110011001
100110101110101100111001101011101011001
100011101110111000111000111011101110001
110001001110010001101100010011100100011
011000011011000011000110000110110000110
001111110001111110000011111100011111100
