0001000000001100000101110001000111010000011000000001000001000000001100000101110001000111010000011000000001000001000
0011000000011110001101010011100101011000111100000001100011000000011110001101010011100101011000111100000001100011000
0111000000110111000011000110110001100001110110000001110111000000110111000011000110110001100001110110000001110111000
0111000001001110001111001111111001111000111001000001110111000001001110001111001111111001111000111001000001110111000
0110111100000110001000100101010010001000110000011110110110111100000110001000100101010010001000110000011110110110111
0101111000000110001100010001000100011000110000001111010101111000000110001100010001000100011000110000001111010101111
1011110000001111000000001011101000000001111000000111101011110000001111000000001011101000000001111000000111101011110
1100000000011101100000110110110110000011011100000000011100000000011101100000110110110110000011011100000000011100000
1011110000111000110001100011100011000110001110000111101011110000111000110001100011100011000110001110000111101011110
0101111000111101111001101001001011001111011110001111010101111000111101111001101001001011001111011110001111010101111
0110111100011111101100110001000110011011111100011110110110111100011111101100110001000110011011111100011110110110111
0111000000001010110110000011100000110110101000000001110111000000001010110110000011100000110110101000000001110111000
0111000000001010011011000110110001101100101000000001110111000000001010011011000110110001101100101000000001110111000
0011000000001010001101101100011011011000101000000001100011000000001010001101101100011011011000101000000001100011000
0001000000010101000110111111111110110001010100000001000001000000010101000110111111111110110001010100000001000001000
