0000000001000000000000000001000000000
0000000001100000000000000011000000000
0000000001110000000000000111000000000
0000000001111000000000001111000000000
0000000001111100000000011111000000000
0000000001111110000000111111000000000
0000000001110111000001110111000000000
0000000001110011100011100111000000000
0000000001110001110111000111000000000
1111111110110000110110000110111111111
0111111111010000010100000101111111110
0011111111101000010100001011111111100
0001110000010100010100010100000111000
0000111000001010010100101000001110000
0000011100000101010101010000011100000
0000001110000010110110100000111000000
0000000110000001010101000000110000000
0000000011111111101011111111100000000
0000000000000000010100000000000000000
0000000011111111101011111111100000000
0000000110000001010101000000110000000
0000001110000010110110100000111000000
0000011100000101010101010000011100000
0000111000001010010100101000001110000
0001110000010100010100010100000111000
0011111111101000010100001011111111100
0111111111010000010100000101111111110
1111111110110000110110000110111111111
0000000001110001110111000111000000000
0000000001110011100011100111000000000
0000000001110111000001110111000000000
0000000001111110000000111111000000000
0000000001111100000000011111000000000
0000000001111000000000001111000000000
0000000001110000000000000111000000000
0000000001100000000000000011000000000
0000000001000000000000000001000000000
