1100000000011100011100011100011100000000011
1011111110001110111110111110111000111111101
0101000001000111110111110111110001000001010
0110100000100011100011100011100010000010110
0101010001000111110111110111110001000101010
0100101010001110111110111110111000101010010
0100010100011100011100011100011100010100010
0100001000111000111110111110001110001000010
0100010001110001110111110111000111000100010
0010100011100011100011100011100011100010100
0001000111000111000001000001110001110001000
1000001110001110001000001000111000111000001
1100011100011100010100010100011100011100011
1110111000111000100010100010001110001110111
0111110001110001000010100001000111000111110
0011100011100010100010100010100011100011100
0111110111000101010010100101010001110111110
1110111110001000101010101010001000111110111
1100011100010000010110110100000100011100011
1110111110001000001010101000001000111110111
0111110111000111111101011111110001110111110
0011100011100000000011100000000011100011100
0111110111000111111101011111110001110111110
1110111110001000001010101000001000111110111
1100011100010000010110110100000100011100011
1110111110001000101010101010001000111110111
0111110111000101010010100101010001110111110
0011100011100010100010100010100011100011100
0111110001110001000010100001000111000111110
1110111000111000100010100010001110001110111
1100011100011100010100010100011100011100011
1000001110001110001000001000111000111000001
0001000111000111000001000001110001110001000
0010100011100011100011100011100011100010100
0100010001110001110111110111000111000100010
0100001000111000111110111110001110001000010
0100010100011100011100011100011100010100010
0100101010001110111110111110111000101010010
0101010001000111110111110111110001000101010
0110100000100011100011100011100010000010110
0101000001000111110111110111110001000001010
1011111110001110111110111110111000111111101
1100000000011100011100011100011100000000011
