1000000001000000011100010001110000000100000000100000000100000001110001000111000000010000000010000000010000000111000
0100000011100000101110111011101000001110000001010000001110000010111011101110100000111000000101000000111000001011101
0010001110110010000001010100000010011011100010001000111011001000000101010000001001101110001000100011101100100000010
0010100001100101000011101110000101001100001010001010000110010100001110111000010100110000101000101000011001010000111
0101010001111110100000010000001011111100010101010101000111111010000001000000101111110001010101010100011111101000000
1000010011001101010010010010010101100110010000100001001100110101001001001001010110011001000010000100110011010100100
1001110011010110100100010001001011010110011100100111001101011010010001000100101101011001110010011100110101101001000
1011100011100111000011010110000111001110001110101110001110011100001101011000011100111000111010111000111001110000110
1110000001111111100001101100001111111100000011111000000111111110000110110000111111110000001111100000011111111000011
1000000000010011110000010000011110010000000000100000000001001111000001000001111001000000000010000000000100111100000
1001000000010010111010010010111010010000000100100100000001001011101001001011101001000000010010010000000100101110100
0110000000110110011101101101110011011000000011011000000011011001110110110111001101100000001101100000001101100111011
