00000000000000001110000000000000000
00000000001000011011000010000000000
00000000010000010101000001000000000
00000000001111101010111110000000000
00000001000111110101111100010000000
00000010100011111011111000101000000
00000010000000110101100000001000000
00000001100011001110011000110000000
00000000011100010101000111000000000
00000000000000010001000000000000000
01000000000000101110100000000000010
10100000100001011011010000100000101
10000000010001010001010001000000001
10000000001110011011001110000000001
11000000000000001110000000000000011
11111000000001100100110000000011111
01111100000010010101001000000111110
00011111100000001010000000111111000
00000011111111000100011111111000000
00000000000000100100100000000000000
00000000000000010101000000000000000
00000000000111111111111100000000000
00000000000010010101001000000000000
00000000111000100100100011100000000
00000001000111001110011100010000000
00000001010000010001000001010000000
00000001001000001010000010010000000
00000000110000000100000001100000000
