00000100101
00000010110
01100110111
10010111000
01010011110
00010101101
00001100000
00000100100
00000010010
00001101100
00000100000
00000000000
10100100000
01101000000
11101100000
00011100000
01111000000
10110101110
00000110001
00100100101
01001011010
00110010000
00000000000
00000100101
00000010110
01100110111
10010111000
01010011110
00010101101
00001100000
00000100100
00000010010
00001101100
00000100000
00000000000
10100100000
01101000000
11101100000
00011100000
01111000000
10110101110
00000110001
00100100101
01001011010
00110010000
00000000000
00000100101
00000010110
01100110111
10010111000
01010011110
00010101101
00001100000
00000100100
00000010010
00001101100
00000100000
00000000000
10100100000
01101000000
11101100000
00011100000
01111000000
10110101110
00000110001
00100100101
01001011010
00110010000
00000000000
00000100101
00000010110
01100110111
10010111000
01010011110
00010101101
00001100000
00000100100
00000010010
00001101100
00000100000
00000000000
10100100000
01101000000
11101100000
00011100000
01111000000
10110101110
00000110001
00100100101
01001011010
00110010000
00000000000
00000100101
00000010110
01100110111
10010111000
01010011110
00010101101
00001100000
00000100100
00000010010
00001101100
00000100000
00000000000
10100100000
01101000000
11101100000
00011100000
01111000000
10110101110
00000110001
00100100101
01001011010
00110010000
00000000000
00000100101
00000010110
01100110111
10010111000
01010011110
00010101101
00001100000
00000100100
00000010010
00001101100
00000100000
00000000000
10100100000
