010000111110111011111000010
101110111110111011111011101
010100110001000100011001010
011000110110111011011000110
010011110110111011011110010
000010001000111000100010000
111110110111111111011011111
111110110111111111011011111
110001000100000001000100011
110110111100111101111011011
110110110001010010011011011
001000110001011000011000100
110111110000110100011111011
110111110000010110011111011
110111110001010100011111011
001000110000111000011000100
110110110000010000011011011
110110111100111001111011011
110001000100000001000100011
111110110111111111011011111
111110110111111111011011111
000010001000111000100010000
010011110110111011011110010
011000110110111011011000110
010100110001000100011001010
101110111110111011111011101
010000111110111011111000010
