00000000000000000001000000000000000000
00000000000000000011100000000000000000
00000000000000000110110000000000000000
00000000000000000011100000000000000000
00000000000000011001001100000000000000
00000000000000111101011110000000000000
00000000000001110111110111000000000000
00000000010100110011100110010100000000
00000000110110011001001100110110000000
00000001110111001101011001110111000000
00000000001000000101010000001000000000
00000001110111010001000101110111000000
00000000110110011001001100110110000000
00000010010101011101011101010100100000
00000111000000111110111110000001110000
00001111100111101110111011110011111000
00001100110011110110110111100110011000
00100110011001111010101111001100110010
01110011000000111101011110000001100111
11011111111111000011100001111111111101
01110011000000111101011110000001100111
00100110011001111010101111001100110010
00001100110011110110110111100110011000
00001111100111101110111011110011111000
00000111000000111110111110000001110000
00000010010101011101011101010100100000
00000000110110011001001100110110000000
00000001110111010001000101110111000000
00000000001000000101010000001000000000
00000001110111001101011001110111000000
00000000110110011001001100110110000000
00000000010100110011100110010100000000
00000000000001110111110111000000000000
00000000000000111101011110000000000000
00000000000000011001001100000000000000
00000000000000000011100000000000000000
00000000000000000110110000000000000000
00000000000000000011100000000000000000
