0000000001000000000000000000010000000000000000010000000000000000000100000000000000000100000000000000000001000000000
0100000010100000000000000000101000000101000000101000000000000000001010000001010000001010000000000000000010100000010
0110000100100000110001100000100100001101100001001000001100011000001001000011011000010010000011000110000010010000110
1000001000100001111011110000100010000010000010001000011110111100001000100000100000100010000111101111000010001000001
0100010001110010111011101001110001000101000100011100101110111010011100010001010001000111001011101110100111000100010
0100100001110111011011011101110000100101001000011101110110110111011100001001010010000111011101101101110111000010010
1001000001110111101010111101110000010010010000011101111010101111011100000100100100000111011110101011110111000001001
1010010000100011110101111000100001001010100100001000111101011110001000010010101001000010001111010111100010000100101
0100101000000000001110000000000010100101001010000000000011100000000000101001010010100000000000111000000000001010010
1001001000000011110101111000000010010010010010000000111101011110000000100100100100100000001111010111100000001001001
1010001000000111101010111100000010001010100010000001111010101111000000100010101000100000011110101011110000001000101
0100011100000111011011011100000111000101000111000001110110110111000001110001010001110000011101101101110000011100010
1000011100000010111011101000000111000010000111000000101110111010000001110000100001110000001011101110100000011100001
1000011100000001111011110000000111000010000111000000011110111100000001110000100001110000000111101111000000011100001
1000001000000000110001100000000010000010000010000000001100011000000000100000100000100000000011000110000000001000001
1110000000000000000000000000000000001111100000000000000000000000000000000011111000000000000000000000000000000000111
