0000000010000000000000100000000000001000000000000010000000000000100000000000001000000000000010000000000000100000000
0000000101000000000001010000000000010100000000000101000000000001010000000000010100000000000101000000000001010000000
0000001010100000000010101000000000101010000000001010100000000010101000000000101010000000001010100000000010101000000
0000010101010000000101010100000001010101000000010101010000000101010100000001010101000000010101010000000101010100000
0000101000101000001010001010000010100010100000101000101000001010001010000010100010100000101000101000001010001010000
0001010000010100010100100101000101000001010001010010010100010100000101000101001001010001010000010100010100100101000
0010100000001010101000100010101010000000101010100010001010101000000010101010001000101010100000001010101000100010101
0101000101000101010000100001010100010100010101000010000101010001010001010100001000010101000101000101010000100001010
1010000010000010100111111100101000001000001010011111110010100000100000101001111111001010000010000010100111111100101
0101000101000101010000100001010100010100010101000010000101010001010001010100001000010101000101000101010000100001010
0010100000001010101000100010101010000000101010100010001010101000000010101010001000101010100000001010101000100010101
0001010000010100010100100101000101000001010001010010010100010100000101000101001001010001010000010100010100100101000
0000101000101000001010001010000010100010100000101000101000001010001010000010100010100000101000101000001010001010000
0000010101010000000101010100000001010101000000010101010000000101010100000001010101000000010101010000000101010100000
0000001010100000000010101000000000101010000000001010100000000010101000000000101010000000001010100000000010101000000
0000000101000000000001010000000000010100000000000101000000000001010000000000010100000000000101000000000001010000000
0000000010000000000000100000000000001000000000000010000000000000100000000000001000000000000010000000000000100000000
