00000000000011111111111111111000000000000
00000000000100001100000110000100000000000
00000000001000011000100011000010000000000
00000000010000110001010001100001000000000
00000000111111100010001000111111100000000
00000001111111000100000100011111110000000
00000010000000001000000010000000001000000
00000100000000010000000001000000000100000
00001100111111111111111111111111100110000
00011100100001000000000000010000100111000
00101100100010001111111110001000100110100
01001100100100000111011100000100100110010
10001100101010100010001000101010100110001
10001100110001000001010000010001100110001
10011000100010100000100000101000100011001
10110001100000010100100101000000110001101
11100010101000001000100010000010101000111
11000100101100010101010101000110100100011
10001000101110000011011000001110100010001
10010000101101000111011100010110100001001
10100000101000111000100011100010100000101
10010000101101000111011100010110100001001
10001000101110000011011000001110100010001
11000100101100010101010101000110100100011
11100010101000001000100010000010101000111
10110001100000010100100101000000110001101
10011000100010100000100000101000100011001
10001100110001000001010000010001100110001
10001100101010100010001000101010100110001
01001100100100000111011100000100100110010
00101100100010001111111110001000100110100
00011100100001000000000000010000100111000
00001100111111111111111111111111100110000
00000100000000010000000001000000000100000
00000010000000001000000010000000001000000
00000001111111000100000100011111110000000
00000000111111100010001000111111100000000
00000000010000110001010001100001000000000
00000000001000011000100011000010000000000
00000000000100001100000110000100000000000
00000000000011111111111111111000000000000
