00000000000001100011000000000000
00000000000011110111100000000000
00001000000011111111100000001000
00000111000001111111000001110000
00000011100000111110000011100000
00000001110010011100100111000000
00000000001011001001101000000000
00000001110011101011100111000000
00000011111011101011101111100000
00000111011101101011011101110000
00001110001110101010111000111000
00001100000111010101110000011000
00000110110001101011000110110000
00000011100000001000000011100000
00100000000000001000000000000010
00011111000000001000000001111100
00001111111000001000001111111000
00000011111110001000111111100000
00000000011111101011111100000000
00000000000000010100000000000000
00000000011111010101111100000000
00000000111111101011111110000000
00000001110001110111000111000000
11100011100000110110000011100011
01110011000000010100000001100111
00111010000000001000000000101110
00000100000000011100000000010000
00111010000000001000000000101110
01110011000000010100000001100111
11100011100000110110000011100011
00000001110001110111000111000000
00000000111111100011111110000000
00000000011111000001111100000000
