1111010000000000000000000110100100101100000000000000000001011111110100000000000000000001101001001011000000000000000
1110101000000000011000000011011011011000000011000000000010101111101010000000000110000000110110110110000000110000000
1001010100000001111100000001101110110000000111110000000101010010010101000000011111000000011011101100000001111100000
1100101010000001101100001000110101100010000110110000001010100111001010100000011011000010001101011000100001101100000
1000010101000000011100001100110101100110000111000000010101000010000101010000000111000011001101011001100001110000000
1100001010101111111001110000011011000001110011111110101010000111000010101011111110011100000110110000011100111111101
1010000101011111110010110000011011000001101001111111010100001010100001010111111100101100000110110000011010011111110
0111000010111100000011010000110001100001011000000111101000011101110000101111000000110100001100011000010110000001111
1010100001101000000011100000110001100000111000000010110000101010101000011010000000111000001100011000001110000000101
0111000011110111101100001100011011000110000110111101111000011101110000111101111011000011000110110001100001101111011
1010000011101111110100011110001110001111000101111110111000001010100000111011111101000111100011100011110001011111101
1100000011001100001000111011000100011011100010000110011000000111000000110011000010001110110001000110111000100001100
1000011011001101101100110111000100011101100110110110011011000010000110110011011011001101110001000111011001101101100
1000111011001101101100110110000100001101100110110110011011100010001110110011011011001101100001000011011001101101100
1000110111000100001100110000001110000001100110000100011101100010001101110001000011001100000011100000011001100001000
1100011110001011111101110000010101000001110111111010001111000111000111100010111111011100000101010000011101111110100
0110001100001101111011110000111011100001111011110110000110001101100011000011011110111100001110111000011110111101100
0011000001110000000101100001010101010000110100000001110000011000110000011100000001011000010101010100001101000000011
0011000010110000001111010000111011100001011110000001101000011000110000101100000011110100001110111000010111100000011
0110000011010011111110101000010101000010101111111001011000001101100000110100111111101010000101010000101011111110010
0110000011100111111101010100001110000101010111111100111000001101100000111001111111010101000011100001010101111111001
1011001100001110000000101010000100001010100000001110000110011010110011000011100000001010100001000010101000000011100
1011000100001101100000010101001110010101000000110110000100011010110001000011011000000101010011100101010000001101100
1101100000000111100000001010100100101010000000111100000000110111011000000001111000000010101001001010100000001111000
0110110000000011000000000101011111010100000000011000000001101101101100000000110000000001010111110101000000000110000
1001011000000000000000000010111111101000000000000000000011010010010110000000000000000000101111111010000000000000000
