0000100000100000100000100000100000100000100000100000100000100000100000100000100000100000100000100000100000100000100
0001110001110001110001110001110001110001110001110001110001110001110001110001110001110001110001110001110001110001110
1011111011111011111011111011111011111011111011111011111011111011111011111011111011111011111011111011111011111011111
0111010111010111010111010111010111010111010111010111010111010111010111010111010111010111010111010111010111010111010
1110001110001110001110001110001110001110001110001110001110001110001110001110001110001110001110001110001110001110001
1101011101011101011101011101011101011101011101011101011101011101011101011101011101011101011101011101011101011101011
1011101011101011101011101011101011101011101011101011101011101011101011101011101011101011101011101011101011101011101
0001110001110001110001110001110001110001110001110001110001110001110001110001110001110001110001110001110001110001110
1010111010111010111010111010111010111010111010111010111010111010111010111010111010111010111010111010111010111010111
0111010111010111010111010111010111010111010111010111010111010111010111010111010111010111010111010111010111010111010
1110001110001110001110001110001110001110001110001110001110001110001110001110001110001110001110001110001110001110001
1101011101011101011101011101011101011101011101011101011101011101011101011101011101011101011101011101011101011101011
1011111011111011111011111011111011111011111011111011111011111011111011111011111011111011111011111011111011111011111
0001110001110001110001110001110001110001110001110001110001110001110001110001110001110001110001110001110001110001110
0000100000100000100000100000100000100000100000100000100000100000100000100000100000100000100000100000100000100000100
