101110000100010001000011101
010001101010101010101100010
010011000101010101000110010
100100100101101101001001001
100100010101000101010001001
101010010101000101010010101
010000010101000101010000010
001000001010101010100000100
001000010101010101010000100
000100100010010010001001000
000011001100101001100110000
000100110010101010011001000
001001000000101000000100100
010010110001000100011010010
110010001001000100100010011
110001001101000101100100011
010000100100101001001000010
001000010100010001010000100
000100001000010000100001000
000010010100101001010010000
000001100011000110001100000
