110000100000101000001000011
101110010001010100010011101
010111001010101010100111010
011011100101000101001110110
011100001010000010100001110
001100010101000101010001100
100100101000101000101001001
010001010010010010010100010
001010100011000110001010100
000101000011101110000101000
001010011101101101110010100
010101001110101011100101010
101000100111010111001000101
010000010000111000010000010
101000100111010111001000101
010101001110101011100101010
001010011101101101110010100
000101000011101110000101000
001010100011000110001010100
010001010010010010010100010
100100101000101000101001001
001100010101000101010001100
011100001010000010100001110
011011100101000101001110110
010111001010101010100111010
101110010001010100010011101
110000100000101000001000011
