00001100001
10000010110
01000110110
01001101000
01101010110
01100101101
00101011001
00010000000
01101110000
00100111100
00000000010
00000000000
10000110000
01101000001
01101100010
00010110010
01101010110
10110100110
10011010100
00000001000
00001110110
00111100100
01000000000
00000000000
00001100001
10000010110
01000110110
01001101000
01101010110
01100101101
00101011001
00010000000
01101110000
00100111100
00000000010
00000000000
10000110000
01101000001
01101100010
00010110010
01101010110
10110100110
10011010100
00000001000
00001110110
00111100100
01000000000
00000000000
00001100001
10000010110
01000110110
01001101000
01101010110
01100101101
00101011001
00010000000
01101110000
00100111100
00000000010
00000000000
10000110000
01101000001
01101100010
00010110010
01101010110
10110100110
10011010100
00000001000
00001110110
00111100100
01000000000
00000000000
00001100001
10000010110
01000110110
01001101000
01101010110
01100101101
00101011001
00010000000
01101110000
00100111100
00000000010
00000000000
10000110000
01101000001
01101100010
00010110010
01101010110
10110100110
10011010100
00000001000
00001110110
00111100100
01000000000
00000000000
00001100001
10000010110
01000110110
01001101000
01101010110
01100101101
00101011001
00010000000
01101110000
00100111100
00000000010
00000000000
10000110000
01101000001
01101100010
00010110010
01101010110
10110100110
10011010100
00000001000
00001110110
00111100100
01000000000
00000000000
00001100001
10000010110
01000110110
01001101000
01101010110
01100101101
00101011001
00010000000
