1111111011101010000000011100100111000000001010111011111110001
0000010101010001000000100011011000100000010001010101000001010
0000100010100000100001001010101010010000100000101000100000100
0000100001000000010010011101110111001001000000010000100001010
1001000001000000001100111110101111100110000000010000010010001
0110000001000000001100011101010111000110000000010000001100001
0110000010000000000011001010101010011000000000001000001100001
1001000100000000000001011101110111010000000000000100010010001
0000111000000000000000000010101000000000000000000011100001101
0000100000000000000000000100000100000000000000000000100000011
0000101111111111000000001000100010000000011111111110100000001
0001001000000001000000010001010001000000010000000010010000010
0010001000000001000000100010101000100000010000000010001000101
1100001001111001000001000101010100010000010011110010000111011
0000001001001001000001001010001010010000010010010010000000101
0000001001001001000001001010001010010000010010010010000000010
0000001001111111111111001011111111111111111111110010000000001
0000001000000000000001001010000000000000000000000010000000000
0000001000000000000001001010000000000000000000000010000000001
0000001111111111111111001011111111111111111111111110000000010
0000000000001001000001001010001010010000010010000000000000100
0000000000001001010101001010001010010101010010000000000001000
1100000000001001001001000101010100010010010010000000000110000
1100000000001001010100100010101000100101010010000000000110000
0010000000001001000000010001010001000000010010000000001001000
0011000001111001111000001000100010000011111111110000011000100
1000000010001001000100000100000100000100000000001000000010010
1101000100001001000010000010101000001000000000000100010111001
1111001000111001110001000001110000010001111111100010011111101
1101010001001001001000100000100000100010000000010001010111001
1010100010111001110100010001010001000101111111101000101010110
0101000101001001001010001010001010001010010010010100010101010
1011101010001001000101011100000111010100010010001010111011101
0101000101001001001010001010001010001010010010010100010101010
1010100010111111110100010001010001000101110011101000101010110
1101010001000000001000100000100000100010010010010001010111001
1111001000111111110001000001110000010001110011100010011111101
1101000100000000000010000010101000001000010010000100010111001
1000000010000000000100000100000100000100010010001000000010010
0011000001111111111000001000100010000011110011110000011000100
0010000000001001000000010001010001000000010010000000001001000
1100000000001001010100100010101000100101010010000000000110000
1100000000001001001001000101010100010010010010000000000110000
0000000000001001010101001010001010010101010010000000000001000
0000000000001001000001001010001010010000010010000000000000100
0000001111111111111111111111111010011111111111111110000000010
0000001000000000000000000000001010010000000000000010000000001
0000001000000000000000000000001010010000000000000010000000000
0000001001111111111111111111111010011111111111110010000000001
0000001001001001000001001010001010010000010010010010000000010
0000001001001001000001001010001010010000010010010010000000101
1100001001111001000001000101010100010000010011110010000111011
0010001000000001000000100010101000100000010000000010001000101
0001001000000001000000010001010001000000010000000010010000010
0000101111111111000000001000100010000000011111111110100000001
0000100000000000000000000100000100000000000000000000100000011
0000111000000000000000000010101000000000000000000011100001101
1001000100000000000001011101110111010000000000000100010010001
0110000010000000000011001010101010011000000000001000001100001
0110000001000000001100011101010111000110000000010000001100001
1001000001000000001100111110101111100110000000010000010010001
0000100001000000010010011101110111001001000000010000100001010
0000100010100000100001001010101010010000100000101000100000100
0000010101010001000000100011011000100000010001010101000001010
1111111011101010000000011100100111000000001010111011111110001
