11000000000000000011100000100000111000000000000000011
10111110000111111101110111011101110111111100001111101
01011111001111110100111011011011100101111110011111010
01101111011111101100011101010111000110111111011110110
01110110001111011101101110001110110111011110001101110
01111010000110111101100111011100110111101100001011110
01111101000101111100000011111000000111110100010111110
00110011100011111100000001110000000111111000111001100
00000001010000111000000000100000000011100001010000000
00000000111000010001111111011111110001000011100000000
00000000010100000011111101010111111000000101000111111
00000000001110000111111011011011111100001110000011111
00110000000101000011110111011101111000010100000001111
01111000000011100001101111011110110000111000000000111
01111100000001010001011111011111010001010000100000011
01001110000000111000111111011111100011100001110000011
01100111000000010100001110001110000101000011111000011
01110111000000001110000100000100001110000111001000011
01100111010100000101000000000000010100011110001000011
01001110001000000011100110001100111000011100111110011
00011100010100000001011111011111010000011100011100011
01111000100000000000101111011110100000011110001000011
00000001000010000000110111011101100000001111000000011
01111110000111000001111011011011110000100111100000111
10000000001111100001111101010111110001110011110001111
11111111111111110000111110101111100010101001111111111
01010101011111111000000001110000000111011100111111011
11111111111111110000111110101111100010101000011110011
10000000001111100001111101010111110001110000111100011
01111110000111000001111011011011110000100001111000111
00000001000010000000110111011101100000000011110000111
01111000100000000000101111011110100000000111100000011
00011100010100000001011111011111010000001111000100001
01001110001000000011100110001100111000001110001110001
01100111010100000101000000000000010100001110011111001
01110111000000001110000100000100001110000111000100001
01100111000000010100001110001110000101000011100100001
01001110000000111000111111011111100011100001111100011
01111100000001010001011111011111010001010000111000111
01111000000011100001101111011110110000111000010000111
00110000000101000011110111011101111000010100000000011
00000000001110000111111011011011111100001110000000001
00000000010100000011111101010111111000000101000000000
00000000111000010001111111011111110001000011100000000
00000001010000111000000000100000000011100001010000000
00110011100011111100000001110000000111111000111001100
01111101000101111100000011111000000111110100010111110
01111010000110111101100111011100110111101100001011110
01110110001111011101101110001110110111011110001101110
01101111011111101100011101010111000110111111011110110
01011111001111110100111011011011100101111110011111010
10111110000111111101110111011101110111111100001111101
11000000000000000011100000100000111000000000000000011
