0000000000110110110000000
0000000001001001001000000
0000000001001001001000000
0000000110110110110110000
0000001001001001001001000
0000001001001001001001000
0000000110110110110110110
0000001001001001001001001
0000001001001001001001001
1010000110110111110110110
0100000001001001001001001
0110000010101001001001001
0111000010101110110110110
0111100011100001001001001
0011110101111101001001001
0001110101110010110110110
0000110100011101001001000
0000010111100001001001000
0000011000000000110110000
0011011111100000000000000
0010100011110000000000000
0010000001111000000000000
0010110000111101000000000
0001100000011110000000000
0000000000000001000000000
