1000000000000000001000000000000000001000000000000000001000000000000000001000000000000000001000000000000000001000000
1100000000000000011100000000000000011100000000000000011100000000000000011100000000000000011100000000000000011100000
1110000000000000111110000000000000111110000000000000111110000000000000111110000000000000111110000000000000111110000
1101000000000001011101000000000001011101000000000001011101000000000001011101000000000001011101000000000001011101000
1011100000000011101011100000000011101011100000000011101011100000000011101011100000000011101011100000000011101011100
1010110000000110101010110000000110101010110000000110101010110000000110101010110000000110101010110000000110101010110
1000110000000110001000110000000110001000110000000110001000110000000110001000110000000110001000110000000110001000110
1101100000000011011101100000000011011101100000000011011101100000000011011101100000000011011101100000000011011101100
1001001110111001001001001110111001001001001110111001001001001110111001001001001110111001001001001110111001001001001
1001011100011101001001011100011101001001011100011101001001011100011101001001011100011101001001011100011101001001011
1010111000001110101010111000001110101010111000001110101010111000001110101010111000001110101010111000001110101010111
1111000000000001111111000000000001111111000000000001111111000000000001111111000000000001111111000000000001111111000
1011110000000111101011110000000111101011110000000111101011110000000111101011110000000111101011110000000111101011110
0111011000001101110111011000001101110111011000001101110111011000001101110111011000001101110111011000001101110111011
1110011000001100111110011000001100111110011000001100111110011000001100111110011000001100111110011000001100111110011
1101110000000111011101110000000111011101110000000111011101110000000111011101110000000111011101110000000111011101110
1100100000000010011100100000000010011100100000000010011100100000000010011100100000000010011100100000000010011100100
1100000001000000011100000001000000011100000001000000011100000001000000011100000001000000011100000001000000011100000
0110000011100000110110000011100000110110000011100000110110000011100000110110000011100000110110000011100000110110000
0011000110110001100011000110110001100011000110110001100011000110110001100011000110110001100011000110110001100011000
0001101101011011000001101101011011000001101101011011000001101101011011000001101101011011000001101101011011000001101
0000111011101110000000111011101110000000111011101110000000111011101110000000111011101110000000111011101110000000111
