0100000000011100011100011100011100000000010
1011111110001110111110111110111000111111101
0101111111000111110111110111110001111111010
0110111111100011100011100011100011111110110
0111011111000111110111110111110001111101110
0111101110001110111110111110111000111011110
0111110100011100011100011100011100010111110
0111111000111000111110111110001110001111110
0111110001110001110111110111000111000111110
0011100011100011100011100011100011100011100
0001000111000111000001000001110001110001000
1000001110001110001000001000111000111000001
1100011100011100011100011100011100011100011
1110111000111000111110111110001110001110111
0111110001110001111110111111000111000111110
0011100011100010111110111110100011100011100
0111110111000111011110111101110001110111110
1110111110001111101110111011111000111110111
1100011100011111110110110111111100011100011
1110111110001111111010101111111000111110111
0111110111000111111101011111110001110111110
0011100011100000000010100000000011100011100
0111110111000111111101011111110001110111110
1110111110001111111010101111111000111110111
1100011100011111110110110111111100011100011
1110111110001111101110111011111000111110111
0111110111000111011110111101110001110111110
0011100011100010111110111110100011100011100
0111110001110001111110111111000111000111110
1110111000111000111110111110001110001110111
1100011100011100011100011100011100011100011
1000001110001110001000001000111000111000001
0001000111000111000001000001110001110001000
0011100011100011100011100011100011100011100
0111110001110001110111110111000111000111110
0111111000111000111110111110001110001111110
0111110100011100011100011100011100010111110
0111101110001110111110111110111000111011110
0111011111000111110111110111110001111101110
0110111111100011100011100011100011111110110
0101111111000111110111110111110001111111010
1011111110001110111110111110111000111111101
0100000000011100011100011100011100000000010
