0000110000011100000001111100000001111100000001110000011000000011000001110000000111110000000111110000000111000001100
0001111000100100000011111110000011111110000001001000111100000111100010010000001111111000001111111000000100100011110
0011111100000100000111111111000111111111000001000001111110001111110000010000011111111100011111111100000100000111111
0111011110001000001100000011101110000001100000100011110111011101111000100000110000001110111000000110000010001111011
1110001111110000011000000001111100000000110000011111100011111000111111000001100000000111110000000011000001111110001
1100000111001100110001001100010001100100011001100111000001110000011100110011000100110001000110010001100110011100000
1001101110001001100011011110010011110110001100100011101100100110111000100110001101111001001111011000110010001110110
1101011100000011000000111010111010111000000110000001110101110101110000001100000011101011101011100000011000000111010
1001111011000110010001110110010011011100010011000110111100100111101100011001000111011001001101110001001100011011110
1000110010001100110011100000111000001110011001100010011000100011001000110011001110000011100000111001100110001001100
1110000000011000001111110001111100011111100000110000000011111000000001100000111111000111110001111110000011000000001
0111000000110000010001111011101110111100010000011000000111011100000011000001000111101110111011110001000001100000011
0011111111100000100000111111000111111000001000001111111110001111111110000010000011111100011111100000100000111111111
0001111111000000100100011110000011110001001000000111111100000111111100000010010001111000001111000100100000011111110
0000111110000000111000001100000001100000111000000011111000000011111000000011100000110000000110000011100000001111100
