111100111100000000000000000001111001111
100100100100000000010000000001001001001
100100100100000000111000000001001001001
111111111100000001101100000001111111111
000100100000000011000110000000001001000
000100100000000111101111000000001001000
111111111111111111111111111111111111111
100100101010100111101111001010101001001
100100111111100011000110001111111001001
111100101010100001101100001010101001111
000000111111100100111001001111111000000
000000101010100110010011001010101000000
000000111111100111000111001111111000000
000000100000000111101111000000001000000
000000100000000111101111000000001000000
000001110011111000010000111110011100000
000011111001111011010110111100111110000
000111111100111011010110111001111111000
001101110110011000101000110011011101100
011000100011000111000111000110001000110
001101110110011000101000110011011101100
000111111100111011010110111001111111000
000011111001111011010110111100111110000
000001110011111000010000111110011100000
000000100000000111101111000000001000000
000000100000000111101111000000001000000
000000111111100111000111001111111000000
000000101010100110010011001010101000000
000000111111100100111001001111111000000
111100101010100001101100001010101001111
100100111111100011000110001111111001001
100100101010100111101111001010101001001
111111111111111111111111111111111111111
000100100000000111101111000000001001000
000100100000000011000110000000001001000
111111111100000001101100000001111111111
100100100100000000111000000001001001001
100100100100000000010000000001001001001
111100111100000000000000000001111001111
