0000000000000000000100100000000000000000000000000000000010010000000000000000000000000000000001001000000000000000000
0000000000000100000011000000000000010000000000000010000001100000000000001000000000000001000000110000000000000100000
0000100000101110100011000000000000001000010000010111010001100000000000000100001000001011101000110000000000000010000
0001000001101110110100101111000000001000100000110111011010010111100000000100010000011011101101001011110000000010001
0001100000001110000000011111100000111000110000000111000000001111110000011100011000000011100000000111111000001110001
0001110001110101110000111011110001111000111000111010111000011101111000111100011100011101011100001110111100011110001
0001110011111011111000110101110001111000111001111101111100011010111000111100011100111110111110001101011100011110001
0000111001110101110000111010110010110000011100111010111000011101011001011000001110011101011100001110101100101100000
0000011000001110000000111101110011000000001100000111000000011110111001100000000110000011100000001111011100110000000
0000000101101110110000011111100100000000000010110111011000001111110010000000000001011011101100000111111001000000000
0000110010101110100000001111010100000000011001010111010000000111101010000000001100101011101000000011110101000000000
0101001010000100000000000000001010000010100101000010000000000000000101000001010010100001000000000000000010100000101
1101100101110000000000000001110100000110110010111000000000000000111010000011011001011100000000000000011101000001101
0010000100001100000000000110000100000001000010000110000000000011000010000000100001000011000000000001100001000000010
1101100100100110000000111000100100000110110010010011000000011100010010000011011001001001100000001110001001000001101
0101000101010111010101111001010100000010100010101011101010111100101010000001010001010101110101011110010101000000101
0000001010010011100011110001001010100000000101001001110001111000100101010000000010100100111000111100010010101000000
0000110001100000000000000000110001000000011000110000000000000000011000100000001100011000000000000000001100010000000
