1111111111111000001111000100000100000100011110000011111111111111100000111100010000010000010001111000001111111111111
0000111000000110001001001100001110000110010010001100000011100000011000100100110000111000011001001000110000001110000
0100010001000110001001000010010101001000010010001100010001000100011000100100001001010100100001001000110001000100010
1100010001100001111111111001011011010011111111110000110001000110000111111111100101101101001111111111000011000100011
0011111110000001001001001000111111100010010010010000001111111000000100100100100011111110001001001001000000111111100
0101010101000001001001001001110101110010010010010000010101010100000100100100100111010111001001001001000001010101010
0110101011001111111111111001101010110011111111111110011010101100111111111111100110101011001111111111111001101010110
0111010111001001001001000001010101010000010010010010011101011100100100100100000101010101000001001001001001110101110
0011111110001001001001000000111111100000010010010010001111111000100100100100000011111110000001001001001000111111100
0101101101001111111111000011000100011000011111111110010110110100111111111100001100010001100001111111111001011011010
1001010100100001001000110001000100010001100010010000100101010010000100100011000100010001000110001001000010010101001
0000111000011001001000110000001110000001100010010011000011100001100100100011000000111000000110001001001100001110000
0000010000010001111000001111111111111110000011110001000001000001000111100000111111111111111000001111000100000100000
