1000000110001100000111111100000111111100000110001100000010000001100011000001111111000001111111000001100011000000100
1100001111011110001111111110001111111110001111011110000111000011110111100011111111100011111111100011110111100001110
1110000111011110011100000011011000000111001111011100001111100001110111100111000000110110000001110011110111000011111
1100100000100000111000000001110000000011100000100000100111001000001000001110000000011100000000111000001000001001110
1001101111010001110000001010101010000001110001011110110010011011110100011100000010101010100000011100010111101100100
1010001111001111100000000110101100000000111110011110001010100011110011111000000001101011000000001111100111100010101
1100000110001111100011000001110000011000111110001100000111000001100011111000110000011100000110001111100011000001110
1011000000001111100111100010101000111100111110000000011010110000000011111001111000101010001111001111100000000110101
1010100000011100010111101100100110111101000111000000101010101000000111000101111011001001101111010001110000001010101
1100000000111000001000001001110010000010000011100000000111000000001110000010000010011100100000100000111000000001110
0110000001110011110111000011111000011101111001110000001101100000011100111101110000111110000111011110011100000011011
0011111111100011110111100001110000111101111000111111111000111111111000111101111000011100001111011110001111111110001
0001111111000001100011000000100000011000110000011111110000011111110000011000110000001000000110001100000111111100000
