1000001000000011110000011110000000100000100000100000001111000001111000000010000010000010000000111100000111100000001
1100011100000111111000111111000001110001110001110000011111100011111100000111000111000111000001111110001111110000011
1110001000001110001101100011100000100011111000100000111000110110001110000010001111100010000011100011011000111000001
1100110000011100000111000001110000011001110011000001110000011100000111000001100111001100000111000001110000011100000
1001001000111010000010000010111000100100100100100011101000001000001011100010010010010010001110100000100000101110001
1110011101110111001111100111011101110011111001110111011100111110011101110111001111100111011101110011111001110111011
1000001011100010010010010010001110100000100000101110001001001001001000111010000010000010111000100100100100100011101
1100000111000001100111001100000111000001110000011100000110011100110000011100000111000001110000011001110011000001110
0110001110000010001111100010000011100011011000111000001000111110001000001110001101100011100000100011111000100000111
0011111100000111000111000111000001111110001111110000011100011100011100000111111000111111000001110001110001110000011
0001111000000010000010000010000000111100000111100000001000001000001000000011110000011110000000100000100000100000001
