000000000000001000000000000000100000000000000
000000000000001100000000000001100000000000000
000000000000001010000000000010100000000000000
000000000000001001000000000100100000000000000
000000000000001000100000001000100000000000000
000000000000001000110000011000100000000000000
000000000000001100101000101001100000000000000
000000000000001010100101001010100000000000000
000000000000001001100010001100100000000000000
000000000000001000100010001000100000000000000
000000000000001000110010011000100000000000000
000000000000001000101010101000100000000000000
000000000000001000100111001000100000000000000
000000000000001000100010001000100000000000000
111111111111111000101000101000111111111111111
010000100000000100101101101001000000001000010
001000010000000010101101101010000000010000100
000100001000000001101101101100000000100001000
000011111111111111101101101111111111111110000
000001000010000000001101100000000010000100000
000000100001001111110101011111100100001000000
000000010000100111111010111111001000010000000
000000001111110000000111000000011111100000000
000000010000100111111010111111001000010000000
000000100001001111110101011111100100001000000
000001000010000000001101100000000010000100000
000011111111111111101101101111111111111110000
000100001000000001101101101100000000100001000
001000010000000010101101101010000000010000100
010000100000000100101101101001000000001000010
111111111111111000101000101000111111111111111
000000000000001000100010001000100000000000000
000000000000001000100111001000100000000000000
000000000000001000101010101000100000000000000
000000000000001000110010011000100000000000000
000000000000001000100010001000100000000000000
000000000000001001100010001100100000000000000
000000000000001010100101001010100000000000000
000000000000001100101000101001100000000000000
000000000000001000110000011000100000000000000
000000000000001000100000001000100000000000000
000000000000001001000000000100100000000000000
000000000000001010000000000010100000000000000
000000000000001100000000000001100000000000000
000000000000001000000000000000100000000000000
