111000000000000000000000000000010000000000000000000000000000111
101000000000000000000000000000111000000000000000000000000000101
111000000000000000000000000001111100000000000000000000000000111
000100000111100000000000000000111000000000000000001111000001000
000010000100100001000000000110010011000000000100001001000010000
000001000100100110100000001111010111100000001011001001000100000
000000111100100001100100011101111101110001001100001001111000000
000000100100111001101010111000111000111010101100111001001000000
000000101000000011110101011000010000110101011110000000101000000
000111110100000111111010001100010001100010111111000001011111000
000100000010100010101100000100010001000001101010001010000001000
000100000001000010100110010000111000010011001010000100000001000
000111110010100101010000111001111100111000010101001010011111000
000000010000010011000001101100111001101100000110010000010000000
000000010000001011000011000110010011000110000110100000010000000
000001000100100100000010000011010110000010000001001001000100000
000001001111011010000000000001010100000000000010110111100100000
000010111100111001000000000001010100000000000100111001111010000
000001111111000000101000000001010100000000101000000111111100000
000000001100000000011000000001010100000000110000000001100000000
000000010110000000111000000001010100000000111000000011010000000
000000101011000000000100000001010100000001000000000110101000000
000000010101001100000010000001010100000010000001100101010000000
000000001000011000000001000011111110000100000000110000100000000
000000010000110000000000110110000011011000000000011000010000000
000000111001100000000000101100111001101000000000001100111000000
000001111100110000000000011011010110110000000000011001111100000
000011100110011000000000110011101110011000000000110011001110000
000011000000001100000001101101101101101100000001100000000110000
001001100000100111111111001110101011100111111111001000001100100
011100110001110000000001010111010111010100000000011100011001110
111111111111111111111111011000111000110111111111111111111111111
011100110001110000000001010111010111010100000000011100011001110
001001100000100111111111001110101011100111111111001000001100100
000011000000001100000001101101101101101100000001100000000110000
000011100110011000000000110011101110011000000000110011001110000
000001111100110000000000011011010110110000000000011001111100000
000000111001100000000000101100111001101000000000001100111000000
000000010000110000000000110110000011011000000000011000010000000
000000001000011000000001000011111110000100000000110000100000000
000000010101001100000010000001010100000010000001100101010000000
000000101011000000000100000001010100000001000000000110101000000
000000010110000000111000000001010100000000111000000011010000000
000000001100000000011000000001010100000000110000000001100000000
000001111111000000101000000001010100000000101000000111111100000
000010111100111001000000000001010100000000000100111001111010000
000001001111011010000000000001010100000000000010110111100100000
000001000100100100000010000011010110000010000001001001000100000
000000010000001011000011000110010011000110000110100000010000000
000000010000010011000001101100111001101100000110010000010000000
000111110010100101010000111001111100111000010101001010011111000
000100000001000010100110010000111000010011001010000100000001000
000100000010100010101100000100010001000001101010001010000001000
000111110100000111111010001100010001100010111111000001011111000
000000101000000011110101011000010000110101011110000000101000000
000000100100111001101010111000111000111010101100111001001000000
000000111100100001100100011101111101110001001100001001111000000
000001000100100110100000001111010111100000001011001001000100000
000010000100100001000000000110010011000000000100001001000010000
000100000111100000000000000000111000000000000000001111000001000
111000000000000000000000000001111100000000000000000000000000111
101000000000000000000000000000111000000000000000000000000000101
111000000000000000000000000000010000000000000000000000000000111
