0000010000010000010000010000010000010000010000010000010000010000010000010000010000010000010000010000010000010000010
1000111000111000111000111000111000111000111000111000111000111000111000111000111000111000111000111000111000111000111
1101111101111101111101111101111101111101111101111101111101111101111101111101111101111101111101111101111101111101111
1011101011101011101011101011101011101011101011101011101011101011101011101011101011101011101011101011101011101011101
0111000111000111000111000111000111000111000111000111000111000111000111000111000111000111000111000111000111000111000
1110001110001110001110001110001110001110001110001110001110001110001110001110001110001110001110001110001110001110001
1101011101011101011101011101011101011101011101011101011101011101011101011101011101011101011101011101011101011101011
1011101011101011101011101011101011101011101011101011101011101011101011101011101011101011101011101011101011101011101
0001110001110001110001110001110001110001110001110001110001110001110001110001110001110001110001110001110001110001110
1010111010111010111010111010111010111010111010111010111010111010111010111010111010111010111010111010111010111010111
0111010111010111010111010111010111010111010111010111010111010111010111010111010111010111010111010111010111010111010
1110001110001110001110001110001110001110001110001110001110001110001110001110001110001110001110001110001110001110001
1101011101011101011101011101011101011101011101011101011101011101011101011101011101011101011101011101011101011101011
1011111011111011111011111011111011111011111011111011111011111011111011111011111011111011111011111011111011111011111
0001110001110001110001110001110001110001110001110001110001110001110001110001110001110001110001110001110001110001110
0000100000100000100000100000100000100000100000100000100000100000100000100000100000100000100000100000100000100000100
