1000001000001000001000001000001000001000001000001000001000001000001000001000001000001000001000001000001000001000001
1100011100011100011100011100011100011100011100011100011100011100011100011100011100011100011100011100011100011100011
1110111110111110111110111110111110111110111110111110111110111110111110111110111110111110111110111110111110111110111
1100011100011100011100011100011100011100011100011100011100011100011100011100011100011100011100011100011100011100011
1001001001001001001001001001001001001001001001001001001001001001001001001001001001001001001001001001001001001001001
1011101011101011101011101011101011101011101011101011101011101011101011101011101011101011101011101011101011101011101
1111111111111111111111111111111111111111111111111111111111111111111111111111111111111111111111111111111111111111111
1011101011101011101011101011101011101011101011101011101011101011101011101011101011101011101011101011101011101011101
1001001001001001001001001001001001001001001001001001001001001001001001001001001001001001001001001001001001001001001
1100011100011100011100011100011100011100011100011100011100011100011100011100011100011100011100011100011100011100011
1111111111111111111111111111111111111111111111111111111111111111111111111111111111111111111111111111111111111111111
1111111111111111111111111111111111111111111111111111111111111111111111111111111111111111111111111111111111111111111
