00000000001101110110000000000
00000000011110101111000000000
00000000100011011000100000000
00000000100000100000100000000
00011111000000100000011111000
00100111110001010001111100100
00000001110011011001110000000
00011110010011011001001111000
00111111011011011011011111100
01111111011100100111011111110
11001111001100100110011110011
11101111001101010110011110111
00101111001101010110011110100
00001111101101010110111110000
00001111110010001001111110000
00001111110010001001111110000
00001111111010001011111110000
00000111111011011011111100000
00000111111101010111111100000
00000001111110101111110000000
00000000011111011111000000000
00000000000000100000000000000
00000111111111111111111100000
00001111111111111111111110000
00011101111111011111110111000
00111000111110001111100011100
01111101111111011111110111110
11111111111111111111111111111
