0001111000001000001000001111000
0001001000011011101100001001000
0001001000000111110000001001000
1111111111001111111001111111111
1001001001001111111001001001001
1001001001000110110001001001001
1111111111001101011001111111111
0001001100011010101100011001000
0001001010011101011100101001000
0001111001011010101101001111000
0000000000101111111010000000000
0100000111010001000101110000010
1101101111101101011011111011011
0011111010101011101010101111100
0111110101100110110011010111110
0111101010111101011110101011110
0111110101100110110011010111110
0011111010101011101010101111100
1101101111101101011011111011011
0100000111010001000101110000010
0000000000101111111010000000000
0001111001011010101101001111000
0001001010011101011100101001000
0001001100011010101100011001000
1111111111001101011001111111111
1001001001000110110001001001001
1001001001001111111001001001001
1111111111001111111001111111111
0001001000000111110000001001000
0001001000000011100000001001000
0001111000001100011000001111000
0000000000000100010000000000000
