1001111110011111001111110010011111100111110011111100100111111001111100111111001001111110011111001111110010011111100
0100111100100100100111100101001111001001001001111001010011110010010010011110010100111100100100100111100101001111001
1010011001001010010011001010100110010010100100110010101001100100101001001100101010011001001010010011001010100110010
0101000010010101001000010101010000100101010010000101010100001001010100100001010101000010010101001000010101010000100
1010100100101010100100101010101001001010101001001010101010010010101010010010101010100100101010100100101010101001001
0101001001010101010010010101010010010101010100100101010100100101010101001001010101001001010101010010010101010010010
1010010000101010100001001010100100001010101000010010101001000010101010000100101010010000101010100001001010100100001
0100100110010101001100100101001001100101010011001001010010011001010100110010010100100110010101001100100101001001100
1001001111001010011110010010010011110010100111100100100100111100101001111001001001001111001010011110010010010011110
1110011111100100111111001111100111111001001111110011111001111110010011111100111110011111100100111111001111100111111
