000000000000010000000100000000000000
000000000000111000001110000000000000
000000000001101110111011000000000000
000000000000111001001110000000000000
000000001000110000000110001000000000
000000010101110000000111010100000000
000000101011111000001111101010000000
000001010111111100011111110101000000
000010101110011110111100111010100000
000101011101011110111101011101010000
000010111100111110111110011110100000
000001111111111101011111111111000000
000011101111111011101111111011100000
000111000001010111110101000001110000
001110000001010011100101000000111000
011100000001010001000101000000011100
111000000010101001001010100000001110
010000000001110011100111000000000101
000000000011011001001101100000000000
000000000110001101011000110000000000
000000001100000110110000011000000000
000000011000000001000000001100000000
000000001111110001000111111000000000
000000000111100011100011110000000000
000000000011000111110001100000000000
