0000000000100000000000000000000000000000000000000000000010000000000
0000000000010101000000000111000000000001110000000001010100000000000
0000010000010010000000001111100000000011111000000000100100000100000
0000001000010101000000001100110000000110011000000001010100001000000
0000011001101000000000001001110000000111001000000000001011001100000
0000101010010111000000000011110000000111100000000001110100101010000
0000101010101000100000000000110000000110000000000010001010101010000
0000101001001000000000011100110000000110011100000000001001001010000
0000010010110000000000111110110000000110111110000000000110100100000
0000001100000000000000111110110000000110111110000000000000011000000
0000001101111100000000111110110100010110111110000000011111011000000
0000110010001010000000011101110111110111011100000000101000100110000
0000010001110000000011101101101010101011011011100000000111000100000
0000000000000000000111110101101101011011010111110000000000000000000
0000000000000000000111111101101010101011011111110000000000000000000
0000000000000110000111111110100111110010111111110000110000000000000
0000000000001001000011101100011000001100011011100001001000000000000
0000000000011010000011101100000111110000011011100000101100000000000
0000000000011100000000011111111010101111111100000000011100000000000
0000000000110110000000111110110111110110111110000000110110000000000
0000000000110111000001111101110111110111011111000001110110000000000
0000000000111011110001111101110111110111011111000111101110000000000
0000000000011101111000111011110111110111101110001111011100000000000
0000000000011101111100000001100011100011000000011111011100000000000
0000000000011110111110000010000001000000100000111110111100000000000
0000000000001111011111000000001001001000000001111101111000000000000
0000000000000111101111110000011101011100000111111011110000000000000
0000000000000011110001111000101101011010001111000111100000000000000
0000000000000001111110011100000011100000011100111111000000000000000
0000000000000000111111101111111001001111111011111110000000000000000
0000000000000000011111110000011101011100000111111100000000000000000
0000000000000000000011111111111111111111111111100000000000000000000
0000000000000000000001111111100001000011111111000000000000000000000
0000000000000000000000000000000001000000000000000000000000000000000
0000000000000000000000000000000001000000000000000000000000000000000
0000000000000000000000000000000011100000000000000000000000000000000
0000000011110000000011110000000011100000000111100000000111100000000
0000000111111011100111110000000101010000000111110011101111110000000
0000001110011101110111110000001110111000000111110111011100111000000
0000001111100110110111100000010110110100000011110110110011111000000
0000001001100110110100000000111010101110000000010110110011001000000
0000000000111110110011111110011101011100111111100110111110000000000
0000000000111110110111111110000011100000111111110110111110000000000
0000000011011101110111111110011101011100111111110111011101100000000
0000000011000011100011111110111010101110111111100011100001100000000
0000000100111111101100111000010110110100001110011011111110010000000
0000000011011100011111000000001110111000000001111100011101100000000
0000000111000000011111100000000101010000000011111100000001110000000
0000000110111101101111100000100011100010000011111011011110110000000
0000000001111011101111100000010011100100000011111011101111000000000
0000000001111011110111100000111001001110000011110111101111000000000
0000000001111011110000010001111101011111000100000111101111000000000
0000000001111011111000001001111101011111001000001111101111000000000
0000000000111001110000010101111101011111010100000111001110000000000
0000000000000000000000111010111101011110101110000000000000000000000
0000000000000000000011111101011101011101011111100000000000000000000
0000000000000000000100111110101101011010111110010000000000000000000
0000000000000000000000001111010101010101111000000000000000000000000
0000000000001110001111110111101101011011110111111000111000000000000
0000000000011010011111111011110101010111101111111100101100000000000
0000000000111000111111111101111110111111011111111110001110000000000
0000000000011001111110000110000001000000110000111111001100000000000
0000000000001111111100000011000111110001100000011111111000000000000
0000000000000111110100001111011111111101111000010111110000000000000
0000000000000011110100011111111111111111111100010111100000000000000
0000000000000001110110011111011111111101111100110111000000000000000
0000001110000001110000001110000011100000111000000111000000111000000
0000001010000000111001000000011111111100000001001110000000101000000
0000001001000000011110000001111110111111000000111100000001001000000
0000001100000000100111000011111001001111100001110010000000011000000
0000010110001100000011100111110110110111110011100000011000110100000
0000101011010010000100010111101001001011110100010000100101101010000
1111010101000110000001001111101001001011111001000000110001010101111
1001101101001010000011101111010110110101111011100000101001011011001
1100110010101100000110001111101001001011111000110000011010100110011
0010011101010000001110011011101001001011101100111000000101011100100
0000000010100011000111110001110110110111000111110001100010100000000
0000000001010100100011100000111001001110000011100010010101000000000
0000000110001100000001000000011110111100000001000000011000110000000
0000001010000100000000000000000011100000000000000000010000101000000
0000010100000010000000000000000011100000000000000000100000010100000
0000010101010010000000000000000011100000000000000000100101010100000
0000011111010010000000000001111111111111000000000000100101111100000
0000001110001100000000000011111111111111100000000000011000111000000
