1101111111101110101110111111011101111110111010111011111111011
1011000110010101011101000000101010000001011101010100110001101
0110111011001010111010000001010101000000101110101001101110110
1101011011100101110100000010101010100000010111010011101101011
1010100111100101101000000101001001010000001011010011110010101
1011011111100101010000001010001000101000000101010011111101101
1011011000001010111111110100001000010111111110101000001101101
1100110100010111000100001000001000001000010001110100010110011
1111110011101111100101101000001000001011010011111011100111111
1011110010011111011001101000010100001011001101111100100111100
1001110010111110100000001000101010001000000010111110100111001
0100000101111100101100111001011101001110011010011111010000010
1010001011111011001101001010111110101001011001101111101000101
1101110111110100000001001101110111011001000000010111110111011
1010001111100101100110101011101011101010110011010011111000101
0100000111011001101001110111010101110111001011001101110111010
1011101010100000001011111000101010001111101000000010101011101
0111011000101100110111110111011101110111110110011010001101110
1110101111001101001111101000101010001011111001011001111010111
1101001000000001011111010000010100000101111101000000001001011
1010001001100110111110100111001001110010111110110011001000101
0100001001101001111100100111101011110010011111001011001000010
1000001000001011111011100111111111110011101111101000001000001
1000001000001001110100010110011100110100010111001000001000001
1000010111111110101000001101101011011000001010111111110100001
1000101000000101010011111101101011011111100101010000001010001
1001010000001011010011110010101010100111100101101000000101001
1010100000010111010011101101011101011011100101110100000010101
0101000000101110101001101110110110111011001010111010000001010
1010000001011101010100110001101011000110010101011101000000101
1101111110111010111011111111011101111111101110101110111111011
1010000001011101010100110001101011000110010101011101000000101
0101000000101110101001101110110110111011001010111010000001010
1010100000010111010011101101011101011011100101110100000010101
1001010000001011010011110010101010100111100101101000000101001
1000101000000101010011111101101011011111100101010000001010001
1000010111111110101000001101101011011000001010111111110100001
1000001000001001110100010110011100110100010111001000001000001
1000001000001011111011100111111111110011101111101000001000001
0100001001101001111100100111101011110010011111001011001000010
1010001001100110111110100111001001110010111110110011001000101
1101001000000001011111010000010100000101111101000000001001011
1110101111001101001111101000101010001011111001011001111010111
0111011000101100110111110111011101110111110110011010001101110
1011101010100000001011111000101010001111101000000010101011101
0101110111011001101001110111010101110111001011001101110111010
1010001111100101100110101011101011101010110011010011111000101
1101110111110100000001001101110111011001000000010111110111011
1010001011111011001101001010111110101001011001101111101000101
0100000101111100101100111001011101001110011010011111010000010
1001110010111110100000001000101010001000000010111110100111001
1011110010011111011001101000010100001011001101111100100111101
1111110011101111100101101000001000001011010011111011100111111
1100110100010111000100001000001000001000010001110100010110011
1011011000001010111111110100001000010111111110101000001101101
1011011111100101010000001010001000101000000101010011111101101
1010100111100101101000000101001001010000001011010011110010101
1101011011100101110100000010101010100000010111010011101101011
0110111011001010111010000001010101000000101110101001101110110
1011000110010101011101000000101010000001011101010100110001101
1101111111101110101110111111011101111110111010111011111111011
