00010000000100000000000000000000000000000100000001000
00001110111000000000000000000000000000000011101110000
00001010101000000000000011111000000000000010101010000
00001110111000000000000101010100000000000011101110000
00010001000100000000001110101110000000000100010001000
00001110111000000111100111011100111100000011101110000
00001010101000001000110011011001100010000010101010000
00100110110000001000011011011011000010000001101100100
01000001000000000000011011011011000000000000010000010
01000001000000001110011011011011001110000000010000010
01100010000000010001011011011011010001000000001000110
01100010000000010001011011011011010001000000001000110
00110100000000001010110011011001101010000000000101100
00010100000001110110110111011101101101110000000101000
00001000000010001010110111011101101010001000000010000
00001000000010000110110100000101101100001000000010000
00001000000010001110010011111001001110001000000010000
00001000000001110001001100000110010001110000000010000
00001000000100001110110011111001101110000100000010000
00000100001010010000101101110110100001001010000100000
00000100001000100001001010001010010000100010000100000
00000010001100100110001010001010001100100110001000000
00000010001110011010001010001010001011001110001000000
00000001100111000010001010001010001000011100110000000
00000000111011110001110001010001110001111011100000000
00000001111001111100000000100000000111110011110000000
00000000000110001110000000100000001110001100000000000
00000000001111100011000000100000011000111110000000000
00000000011100000001100001010000110000000111000000000
00000000110000000000110001010001100000000001100000000
00000001000000000000011000100011000000000000010000000
00000010000000000000001100100110000000000000001000000
00000100000000111110000110101100001111100000000100000
00000100000011111111000011111000011111111000000100000
00001110000111000011100000100000111000011100001110000
00110101100110000001101110101110110000001100110101100
00101010100011000011011011011011011000011000101010100
00101010100001000000110010101001100000010000101010100
11101010111001100001100111011100110000110011101010111
01101010110000111001001110101110010011100001101010110
00010101000000011101011111011111010111000000010101000
10110101101000001110101110101110101110000010110101101
01101010110000001110101111011110101110000001101010110
00000100000000001110110110101101101110000000000100000
00000000111000011100010101010101000111000011100000000
00000001111100011000001010101010000011000111110000000
00000010000010011000000110101100000011001000001000000
00000100000010110000000011111000000001101000000100000
00000110000100110000000001110000000001100100001100000
00000011000000100000000001110000000000100000011000000
00000001111111100000111111111111100000111111110000000
00000000111111000001111111111111110000011111100000000
00000000011110000000111111111111100000001111000000000
