0001010000000010100000000101000
0011011000000110110000001101100
0101010100001010101000010101010
1110101110011101011100111010111
0001110000000011100000000111000
0001110000000011100000000111000
0000100000000001000000000010000
0110101100001101011000011010110
1011111010010111110100101111101
0000100000000001000000000010000
0000100000000001000000000010000
0010101001000101010001001010100
1001010011100010100011100101000
0000000001000000000001000000000
0001010000000010100000000101000
0011011000000110110000001101100
0101010100001010101000010101010
1110101110011101011100111010111
0001110000000011100000000111000
0001110000000011100000000111000
0000100000000001000000000010000
0110101100001101011000011010110
1011111010010111110100101111101
0000100000000001000000000010000
0000100000000001000000000010000
0010101001000101010001001010100
1001010011100010100011100101000
