1000000100111000001111111110111111111000001110010000001000000100111000001111111110111111111000001110010000001000000
1100001001011100010000000001000000000100011101001000011100001001011100010000000001000000000100011101001000011100001
1001000110001110101111111110111111111010111000110001001001000110001110101111111110111111111010111000110001001001000
1011100000000001010101000011100001010101000000000011101011100000000001010101000011100001010101000000000011101011100
0111000001010010100101000001000001010010100101000001110111000001010010100101000001000001010010100101000001110111000
1010010010101010100101000001000001010010101010100100101010010010101010100101000001000001010010101010100100101010010
1101111000100010101010001001001000101010100010001111011101111000100010101010001001001000101010100010001111011101111
1010010000111111110100011101011100010111111110000100101010010000111111110100011101011100010111111110000100101010010
0111000001000000001000001110111000001000000001000001110111000001000000001000001110111000001000000001000001110111000
1011100010111111110000100101010010000111111110100011101011100010111111110000100101010010000111111110100011101011100
1001000101010100010001111011101111000100010101010001001001000101010100010001111011101111000100010101010001001001000
1000001010010101010100100101010010010101010100101000001000001010010101010100100101010010010101010100101000001000001
1000001010010100101000001110111000001010010100101000001000001010010100101000001110111000001010010100101000001000001
1100001010101000000000011101011100000000001010101000011100001010101000000000011101011100000000001010101000011100001
0111111111010111000110001001001000110001110101111111110111111111010111000110001001001000110001110101111111110111111
1000000000100011101001000011100001001011100010000000001000000000100011101001000011100001001011100010000000001000000
0111111111000001110010000001000000100111000001111111110111111111000001110010000001000000100111000001111111110111111
