00000000000000100000000000000
00000000000000100000000000000
00000000000001110000000000000
00000000000011011000000000000
00000000000110001100000000000
00000000001100100110000000000
00000000010110101101000000000
00000000011011111011000000000
00000000111101110111100000000
00000001001110101110010000000
00100000000110101100000000100
00010000000011111000000001000
00001111000001110000011110000
00001001110000100001110010000
00001000110000100001100010000
00001100011000100011000110000
00000110001100100110001100000
00000111001101010110011100000
00000001111001010011110000000
00000000110100100101100000000
00000000000010101000000000000
00011100000001110000000111000
00111111000010101000011111100
00110011100010001000111001100
01100001110011011001110000110
11001100111001010011100110011
11000100111001010011100100011
01111100111001010011100111110
00111000111001010011100011100
00000000011001010011000000000
00000000001101010110000000000
00000000000101010100000000000
00000111100011011000111100000
00001101110001010001110110000
00011110111001010011101111000
00010011011001010011011001000
00011011011001010011011011000
00000011011001010011011000000
00000011011001010011011000000
00000011011001010011011000000
00000001111001110011110000000
00000000011100100111000000000
00000000000111111100000000000
00000000000000100000000000000
00011110001000100010001111000
00111111010100100101011111100
00110011000110101100011001100
01100001100111111100110000110
01100001100011111000110000110
00110011000001110000011001100
00111111000000100000011111100
00011100000000100000000111000
00000011100000100000111000000
00010000110000100001100001000
00001000010001010001000010000
00001100011111011111000110000
00001110000011011000001110000
00001110000001010000001110000
00001111000010001000011110000
00000111100010001000111100000
00000011100001010000111000000
00000001111000100011110000000
00000000111100100111100000000
00000000001110101110000000000
00000000000011111000000000000
00000000000001110000000000000
00001110000000100000001110000
00011111000011011000011111000
01110001101111011110110001110
01001100111111111111100110010
11001000101111111110100010011
11001000100001110000100010011
11001111000001110000011110011
11000110001111111110001100011
11000000011100100111000000011
01000000111000000011100000010
00100000110011011001100000100
00010000101111111110100001000
00001000100111011100100010000
00000100100010001000100100000
00000010100111011100101000000
00110011101111111110111001100
01100010110011011001101000110
01100010011000000011001000110
00111110001100100110001111100
00011100000111111100000111000
00000000000001110000000000000
00000000000001110000000000000
00000000000001110000000000000
00000000111111111111100000000
00000001111111111111110000000
