0010000001010000001000000101000000100000010100000010000001010000001000000101000000100000010100000010000001010000001
0111000011011000011100001101100001110000110110000111000011011000011100001101100001110000110110000111000011011000011
1101100000100000110110000010000011011000001000001101100000100000110110000010000011011000001000001101100000100000110
1000110011011001100011001101100110001100110110011000110011011001100011001101100110001100110110011000110011011001100
1101101001010010110110100101001011011010010100101101101001010010110110100101001011011010010100101101101001010010110
0111011100000111011101110000011101110111000001110111011100000111011101110000011101110111000001110111011100000111011
1010110110001101101011011000110110101101100011011010110110001101101011011000110110101101100011011010110110001101101
1101100011011000110110001101100011011000110110001101100011011000110110001101100011011000110110001101100011011000110
1010110110101101101011011010110110101101101011011010110110101101101011011010110110101101101011011010110110101101101
0010011100100111001001110010011100100111001001110010011100100111001001110010011100100111001001110010011100100111001
0111001001110010011100100111001001110010011100100111001001110010011100100111001001110010011100100111001001110010011
1111100011111000111110001111100011111000111110001111100011111000111110001111100011111000111110001111100011111000111
1111111111111111111111111111111111111111111111111111111111111111111111111111111111111111111111111111111111111111111
