0000100000100000100000100000100000100000100000100000100000100000100000100000100000100000100000100000100000100000100
0001110001110001110001110001110001110001110001110001110001110001110001110001110001110001110001110001110001110001110
1011111011111011111011111011111011111011111011111011111011111011111011111011111011111011111011111011111011111011111
1101011101011101011101011101011101011101011101011101011101011101011101011101011101011101011101011101011101011101011
1110001110001110001110001110001110001110001110001110001110001110001110001110001110001110001110001110001110001110001
0111010111010111010111010111010111010111010111010111010111010111010111010111010111010111010111010111010111010111010
1010111011111010111011111010111011111010111011111010111011111010111011111010111011111010111011111010111011111010111
0001110001110001110001110001110001110001110001110001110001110001110001110001110001110001110001110001110001110001110
0011101000100011101000100011101000100011101000100011101000100011101000100011101000100011101000100011101000100011101
0111011100000111011100000111011100000111011100000111011100000111011100000111011100000111011100000111011100000111011
1110001110001110001110001110001110001110001110001110001110001110001110001110001110001110001110001110001110001110001
0111011100000111011100000111011100000111011100000111011100000111011100000111011100000111011100000111011100000111011
0010111000100010111000100010111000100010111000100010111000100010111000100010111000100010111000100010111000100010111
0001110001110001110001110001110001110001110001110001110001110001110001110001110001110001110001110001110001110001110
1011101011111011101011111011101011111011101011111011101011111011101011111011101011111011101011111011101011111011101
1101011101011101011101011101011101011101011101011101011101011101011101011101011101011101011101011101011101011101011
1110001110001110001110001110001110001110001110001110001110001110001110001110001110001110001110001110001110001110001
0111010111010111010111010111010111010111010111010111010111010111010111010111010111010111010111010111010111010111010
1011111011111011111011111011111011111011111011111011111011111011111011111011111011111011111011111011111011111011111
0001110001110001110001110001110001110001110001110001110001110001110001110001110001110001110001110001110001110001110
0000100000100000100000100000100000100000100000100000100000100000100000100000100000100000100000100000100000100000100
