11001111111110011100100111001111111110011
10011001110011001110001110011001110011001
00110011111001100111011100110011111001100
01100111011100110011111001100111011100110
11001110001110011001110011001110001110011
10011100100111001111111110011100100111001
11001110001110011001110011001110001110011
01100111011100110011111001100111011100110
00110011111001100111011100110011111001100
10011001110011001110001110011001110011001
11001111111110011100100111001111111110011
10011001110011001110001110011001110011001
00110011111001100111011100110011111001100
01100111011100110011111001100111011100110
11001110001110011001110011001110001110011
10011100100111001111111110011100100111001
11001110001110011001110011001110001110011
01100111011100110011111001100111011100110
00110011111001100111011100110011111001100
10011001110011001110001110011001110011001
11001111111110011100100111001111111110011
10011001110011001110001110011001110011001
00110011111001100111011100110011111001100
01100111011100110011111001100111011100110
11001110001110011001110011001110001110011
10011100100111001111111110011100100111001
11001110001110011001110011001110001110011
01100111011100110011111001100111011100110
00110011111001100111011100110011111001100
10011001110011001110001110011001110011001
11001111111110011100100111001111111110011
