1111111111111111111111111111111111111111111111111
1000000000000000000000000000000000000000000000001
1000000001000000000000001000000000000001000000001
1000010010000000000000010100000000000000100100001
1000110010011000000100100010010000001100100110001
1001110010100100001110010100111000010010100111001
1000001010100000011111001001111100000010101000001
1000000110110000111111101011111110000110110000001
1001111110011100011001110111001100011100111111001
1010000001001110001001111111001000111001000000101
1000011100100111000001111111000001110010011100001
1000100110010011100000111110000011100100110010001
1000100011001001100000011100000011001001100010001
1000010011100100100111001001110010010011100100001
1000000001110010100110101010110010100111000000001
1000000000111001100100011100010011001110000000001
1000000100011111100010001000100011111100010000001
1000001110000000010001001001000100000000111000001
1000011111000000001000101010001000000001111100001
1000111100000111000100001000010001110000011110001
1000011100000110100010001000100010110000011100001
1000001111100100010001111111000100010011111000001
1000100111110010001001100011001000100111110010001
1001010011111001000001010101000001001111100101001
1010001101111111111111001001111111111111011000101
1001010011111001000001010101000001001111100101001
1000100111110010001001100011001000100111110010001
1000001111100100010001111111000100010011111000001
1000011100000110100010001000100010110000011100001
1000111100000111000100001000010001110000011110001
1000011111000000001000101010001000000001111100001
1000001110000000010001001001000100000000111000001
1000000100011111100010001000100011111100010000001
1000000000111001100100011100010011001110000000001
1000000001110010100110101010110010100111000000001
1000010011100100100111001001110010010011100100001
1000100011001001100000011100000011001001100010001
1000100110010011100000111110000011100100110010001
1000011100100111000001111111000001110010011100001
1010000001001110001001111111001000111001000000101
1001111110011100011001110111001100011100111111001
1000000110110000111111101011111110000110110000001
1000001010100000011111001001111100000010101000001
1001110010100100001110010100111000010010100111001
1000110010011000000100100010010000001100100110001
1000010010000000000000010100000000000000100100001
1000000001000000000000001000000000000001000000001
1000000000000000000000000000000000000000000000001
1111111111111111111111111111111111111111111111111
