11000000001111110000001111110000000011
11000000001111110000001111110000000011
00111111110000001100110000001111111100
00111111110000001100110000001111111100
00110011110011000011000011001111001100
00110011110011000011000011001111001100
00111100000011110000001111000000111100
00111100000011110000001111000000111100
00111100000011111100111111000000111100
00111100000011111100111111000000111100
11000000000011111100111111000000000011
11000000000011111100111111000000000011
11001111111100111100111100111111110011
11001111111100111100111100111111110011
11000011111111001100110011111111000011
11000011111111001100110011111111000011
00110000111111110011001111111100001100
00110000111111110011001111111100001100
00001100000000001111110000000000110000
00001100000000001111110000000000110000
00110000111111110011001111111100001100
00110000111111110011001111111100001100
11000011111111001100110011111111000011
11000011111111001100110011111111000011
11001111111100111100111100111111110011
11001111111100111100111100111111110011
11000000000011111100111111000000000011
11000000000011111100111111000000000011
00111100000011111100111111000000111100
00111100000011111100111111000000111100
00111100000011110000001111000000111100
00111100000011110000001111000000111100
00110011110011000011000011001111001100
00110011110011000011000011001111001100
00111111110000001100110000001111111100
00111111110000001100110000001111111100
11000000001111110000001111110000000011
11000000001111110000001111110000000011
