11001111111111111000100011111111111110011
11101010101010101001110010101010101010111
01101111111111111001110011111111111110110
00010000000000000100100100000000000001000
11100000000000000110101100000000000000111
10100111000111000101010100011100011100101
11100111101111100111011100111110111100111
10100111101101100101010100110110111100101
11100011111000100111011100100011111000111
10100000101000000101010100000010100000101
11100011111110000110101100001111111000111
10100111001111111100100111111110011100101
11100110001111110001110001111110001100111
10100111000110000001110000001100011100101
11100011100110000100100100001100111000111
10100000000110000110101100001100000000101
11100000000100000111011100000100000000111
00011111111100111011011011100111111111000
00001010101000011101010111000010101010000
01100111110011001110101110011001111100110
11111000001111110001010001111110000011111
01100111110011001110101110011001111100110
00001010101000011101010111000010101010000
00011111111100111011011011100111111111000
11100000000100000111011100000100000000111
10100000000110000110101100001100000000101
11100011100110000100100100001100111000111
10100111000110000001110000001100011100101
11100110001111110001110001111110001100111
10100111001111111100100111111110011100101
11100011111110000110101100001111111000111
10100000101000000101010100000010100000101
11100011111000100111011100100011111000111
10100111101101100101010100110110111100101
11100111101111100111011100111110111100111
10100111000111000101010100011100011100101
11100000000000000110101100000000000000111
00010000000000000100100100000000000001000
01101111111111111001110011111111111110110
11101010101010101001110010101010101010111
11001111111111111000100011111111111110011
