00000000000000000100000000000000000
00000000000011101010111000000000000
00000100000001101010110000000100000
00001010011100101010100111001010000
00011000101110010001001110100011000
00111000000111010001011100000011100
01111000100111010001011100100011110
11111001010111010001011101010011111
11110011000111010001011100011001111
11110011000111010001011100011001111
11110011000011101010111000011001111
11110011100001110101110000111001111
01111011100000110101100000111011110
01111101110000001010000001110111110
01111101110000001010000001110111110
01111101110001001010010001110111110
00111100111010101010101011100111100
00111110111000101010100011101111100
00111110011100010001000111001111100
00111110011100010001000111001111100
00011111011100010001000111011111000
00011111001110001110001110011111000
00011111000111010101011100011111000
00001111100001100100110000111110000
00000111100001100100110000111100000
00000000011110100100101111000000000
00000000100001000100010000100000000
00000000110000101010100001100000000
00000000111000010101000011100000000
00000000111100010101000111100000000
00000010011110010001001111001000000
00000101000000101010100000010100000
00000100000000101010100000000100000
00000100000000101010100000000100000
00000011111111010101011111111000000
