0000111111111000000011111111100000001111111110000000111111111000000011111111100000001111111110000000111111111000000
0000101000101000000010100010100000001010001010000000101000101000000010100010100000001010001010000000101000101000000
0011111000111110001111100011111000111110001111100011111000111110001111100011111000111110001111100011111000111110001
0010100010001010001010001000101000101000100010100010100010001010001010001000101000101000100010100010100010001010001
1111100111001111111110011100111111111001110011111111100111001111111110011100111111111001110011111111100111001111111
0110001010100011011000101010001101100010101000110110001010100011011000101010001101100010101000110110001010100011011
0010011101110010001001110111001000100111011100100010011101110010001001110111001000100111011100100010011101110010001
0110001010100011011000101010001101100010101000110110001010100011011000101010001101100010101000110110001010100011011
1111100111001111111110011100111111111001110011111111100111001111111110011100111111111001110011111111100111001111111
0010100010001010001010001000101000101000100010100010100010001010001010001000101000101000100010100010100010001010001
0011111000111110001111100011111000111110001111100011111000111110001111100011111000111110001111100011111000111110001
0000101000101000000010100010100000001010001010000000101000101000000010100010100000001010001010000000101000101000000
0000111111111000000011111111100000001111111110000000111111111000000011111111100000001111111110000000111111111000000
