1101111111110100000001011111111101110111111111010000000101111111110111011111111101000000010111111111011101111111110
1011100011100110000011001110001110101110001110011000001100111000111010111000111001100000110011100011101011100011100
0110110001000111000111000100011011011011000100011100011100010001101101101100010001110001110001000110110110110001000
1100011000000111101111000000110001110001100000011110111100000011000111000110000001111011110000001100011100011000000
1001110001111011101110111100011100100111000111101110111011110001110010011100011110111011101111000111001001110001111
1000100100111101101101111001001000100010010011110110110111100100100010001001001111011011011110010010001000100100111
1100001110011110101011110011100001110000111001111010101111001110000111000011100111101010111100111000011100001110011
0110011111001111010111100111110011011001111100111101011110011111001101100111110011110101111001111100110110011111001
0011111111100000101000001111111110001111111110000010100000111111111000111111111000001010000011111111100011111111100
0110011111001111010111100111110011011001111100111101011110011111001101100111110011110101111001111100110110011111001
1100001110011110101011110011100001110000111001111010101111001110000111000011100111101010111100111000011100001110011
1000100100111101101101111001001000100010010011110110110111100100100010001001001111011011011110010010001000100100111
1001110001111011101110111100011100100111000111101110111011110001110010011100011110111011101111000111001001110001111
1100011000000111101111000000110001110001100000011110111100000011000111000110000001111011110000001100011100011000000
0110110001000111000111000100011011011011000100011100011100010001101101101100010001110001110001000110110110110001000
1011100011100110000011001110001110101110001110011000001100111000111010111000111001100000110011100011101011100011100
1101111111110100000001011111111101110111111111010000000101111111110111011111111101000000010111111111011101111111110
