0111110110000011011111011100000100001110000100000111011111011000001101111101110000010000111000010000011101111101100
1111011111000111110111111110001011000100011010001111111101111100011111011111111000101100010001101000111111110111110
1011001101101101100110111110011100101010100111001111101100110110110110011011111001110010101010011100111110110011011
1001100000111000001100111100111110010101001111100111100110000011100000110011110011111001010100111110011110011000001
1000111110010011111000111001111111001010011111110011100011111001001111100011100111111100101001111111001110001111100
1111011000111000110111110011111111000100011111111001111101100011100011011111001111111100010001111111100111110110001
1010010000101000010010100111111111000100011111111100101001000010100001001010011111111100010001111111110010100100001
0000000000111000000000001111111110000100001111111110000000000011100000000000111111111000010000111111111000000000001
1111111111101111111111111000101000001110000010100011111111111110111111111111100010100000111000001010001111111111111
0101010101000101010101010000101000011111000010100001010101010100010101010101000010100001111100001010000101010101010
1111111110000011111111100001010100111111100101010000111111111000001111111110000101010011111110010101000011111111100
