0001001111111000001111111001000001001111111000001111111001000001001111111000001111111001000001001111111000001111111
0011000111001100011001110001100011000111001100011001110001100011000111001100011001110001100011000111001100011001110
0111000010000110110000100001110111000010000110110000100001110111000010000110110000100001110111000010000110110000100
1001000000000011100000000001001001000000000011100000000001001001000000000011100000000001001001000000000011100000000
1001111100000001000000011111001001111100000001000000011111001001111100000001000000011111001001111100000001000000011
1010011001000011100001001100101010011001000011100001001100101010011001000011100001001100101010011001000011100001001
0100010011100110110011100100010100010011100110110011100100010100010011100110110011100100010100010011100110110011100
0011101111111100011111111011100011101111111100011111111011100011101111111100011111111011100011101111111100011111111
0100010011100110110011100100010100010011100110110011100100010100010011100110110011100100010100010011100110110011100
1010011001000011100001001100101010011001000011100001001100101010011001000011100001001100101010011001000011100001001
1001111100000001000000011111001001111100000001000000011111001001111100000001000000011111001001111100000001000000011
1001000000000011100000000001001001000000000011100000000001001001000000000011100000000001001001000000000011100000000
0111000010000110110000100001110111000010000110110000100001110111000010000110110000100001110111000010000110110000100
0011000111001100011001110001100011000111001100011001110001100011000111001100011001110001100011000111001100011001110
0001001111111000001111111001000001001111111000001111111001000001001111111000001111111001000001001111111000001111111
