0100100000000000000000000000000010010
1100110000000000001000000000000110011
0010010000000000010100000000000100100
1101101000000000101010000000001011011
0101001100000001010101000000011001010
0010001110000001101011000000111000100
0001000111111101110111011111110001000
0000100011111110110110111111100010000
0000011101111011010101101111011100000
0000000011001101101011011001100000000
0000000110000111101011110000110000000
0000000010010111101011110100100000000
0000000001100111101011110011000000000
0000000000000111101011110000000000000
0000000000000111101011110000000000000
0000000000000111101011110000000000000
0000000000000011101011100000000000000
0000000000000001101011000000000000000
0000000000000000011100000000000000000
0000000000000000001000000000000000000
0000000000000000001000000000000000000
0000000000000000001000000000000000000
0000000000000011001001100000000000000
0000000000000001101011000000000000000
0000000000000000011100000000000000000
0000000000000000001000000000000000000
0000000000000000000000000000000000000
0000000000000000001000000000000000000
0000000000000000011100000000000000000
0000000000000000111110000000000000000
0000000000000000111110000000000000000
0000000000000000111110000000000000000
0000000000000000111110000000000000000
0000000000000000011100000000000000000
0000000000000000001000000000000000000
0000000000000000010100000000000000000
0000000000000000111110000000000000000
0000000001111100111110011111000000000
0000000011111110111110111111100000000
0000000110011111011101111100110000000
0000000110001111101011111000110000000
0000000011000111110111110001100000000
0000000000000011111111100000000000000
0000000000000001111111000000000000000
0000000000000001111111000000000000000
0000000000001110111110111000000000000
0000000000011111000001111100000000000
0000000000011111011101111100000000000
0000000000001110111110111000000000000
0000000000000000111110000000000000000
0000000001110000011100000111000000000
0000000011111000001000001111100000000
0000000001001100011100011001000000000
0000000000011000110110001100000000000
0000001110110001100011000110111000000
0000011111111111000001111111111100000
