1000000000000000000000100000000000000000000010000000000000000000001000000000000000000000100000000000000000000010000
0100000000000000000001010000000000000000000101000000000000000000010100000000000000000001010000000000000000000101000
1010000000000000000010101000000000000000001010100000000000000000101010000000000000000010101000000000000000001010100
0101000000000000000101010100000000000000010101010000000000000001010101000000000000000101010100000000000000010101010
1010101000000000101010101010100000000010101010101010000000001010101010101000000000101010101010100000000010101010101
0101010100000001010101010101010000000101010101010101000000010101010101010100000001010101010101010000000101010101010
1010101010000010101010101010101000001010101010101010100000101010101010101010000010101010101010101000001010101010101
0101010101000101010101010101010100010101010101010101010001010101010101010101000101010101010101010100010101010101010
0010100010101010001010001010001010101000101000101000101010100010100010100010101010001010001010001010101000101000101
0101000101000101000101010100010100010100010101010001010001010001010101000101000101000101010100010100010100010101010
1010001010000010100010101000101000001010001010100010100000101000101010001010000010100010101000101000001010001010100
0100010100000001010001010001010000000101000101000101000000010100010100010100000001010001010001010000000101000101000
1010001000000000100010101000100000000010001010100010000000001000101010001000000000100010101000100000000010001010100
0101000000000000000101010100000000000000010101010000000000000001010101000000000000000101010100000000000000010101010
0010100000000000001010001010000000000000101000101000000000000010100010100000000000001010001010000000000000101000101
0101010000000000010101010101000000000001010101010100000000000101010101010000000000010101010101000000000001010101010
1010101000000000101010101010100000000010101010101010000000001010101010101000000000101010101010100000000010101010101
0101010100000001010101010101010000000101010101010101000000010101010101010100000001010101010101010000000101010101010
1010001010000010100010101000101000001010001010100010100000101000101010001010000010100010101000101000001010001010100
0100000101000101000001010000010100010100000101000001010001010000010100000101000101000001010000010100010100000101000
1000000010101010000000100000001010101000000010000000101010100000001000000010101010000000100000001010101000000010000
0000000001010100000000000000000101010000000000000000010101000000000000000001010100000000000000000101010000000000000
0000000000101000000000000000000010100000000000000000001010000000000000000000101000000000000000000010100000000000000
0000000000010000000000000000000001000000000000000000000100000000000000000000010000000000000000000001000000000000000
