1000001001100000011111111011111111000000110010000010000010011000000111111110111111110000001100100000100000100110000
1100010010111000100000010101000000100011101001000111000100101110001000000101010000001000111010010001110001001011100
1001001100011101011111111011111111010111000110010010010011000111010111111110111111110101110001100100100100110001110
1011100000000010101010001110001010101000000000111010111000000000101010100011100010101010000000001110101110000000001
0111000010100101001010010101001010010100101000011101110000101001010010100101010010100101001010000111011100001010010
1010010101010101001010000100001010010101010101001010100101010101010010100001000010100101010101010010101001010101010
1101111001000101010100100100100101010100010011110111011110010001010101001001001001010101000100111101110111100100010
1010010001111111101001110101110010111111110001001010100100011111111010011101011100101111111100010010101001000111111
0111000010000000010000111011100001000000001000011101110000100000000100001110111000010000000010000111011100001000000
1011100101111111100010010101001000111111110100111010111001011111111000100101010010001111111101001110101110010111111
1001001010101000100111101110111100100010101010010010010010101010001001111011101111001000101010100100100100101010100
1000010100101010101010010101001010101010100101000010000101001010101010100101010010101010101001010000100001010010101
1010010100101001010000111011100001010010100101001010100101001010010100001110111000010100101001010010101001010010100
1100010101010000000001110101110000000001010101000111000101010100000000011101011100000000010101010001110001010101000
0111111110101110001100100100100110001110101111111101111111101011100011001001001001100011101011111111011111111010111
1010000001000111010010001110001001011100010000001010100000010001110100100011100010010111000100000010101000000100011
0111111110000001100100000100000100110000001111111101111111100000011001000001000001001100000011111111011111111000000
