00000000000000000100000000000000000
00000000000000001010000000000000000
00000000000000010001000000000000000
00000000000000100100100000000000000
00000000000001001010010000000000000
00000000000010011011001000000000000
00000000000100111011100100000000000
00000000001001111011110010000000000
00000000010000111011100001000000000
00000000100100011011000100100000000
00000001001100001010000110010000000
00000010011101000100010111001000000
00000100000011100000111000000100000
00001001000111100100111100010010000
00010011100011101110111000111001000
00100111110000011111000001111100100
01001111111000111001100011111110010
10010000000101110101110100000001001
01001111111000110011100011111110010
00100111110000011111000001111100100
00010011100011101110111000111001000
00001001000111100100111100010010000
00000100000011100000111000000100000
00000010011101000100010111001000000
00000001001100001010000110010000000
00000000100100011011000100100000000
00000000010000111011100001000000000
00000000001001111011110010000000000
00000000000100111011100100000000000
00000000000010011011001000000000000
00000000000001001010010000000000000
00000000000000100100100000000000000
00000000000000010001000000000000000
00000000000000001010000000000000000
00000000000000000100000000000000000
