0100001100100110000101000011001001100001010000110010011000010100001100100110000101000011001001100001010000110010011
0110011001110011001101100110011100110011011001100111001100110110011001110011001101100110011100110011011001100111001
1000110011111001100010001100111110011000100011001111100110001000110011111001100010001100111110011000100011001111100
1001100111111100110010011001111111001100100110011111110011001001100111111100110010011001111111001100100110011111110
1011000011111000011010110000111110000110101100001111100001101011000011111000011010110000111110000110101100001111100
1110001001110010001111100010011100100011111000100111001000111110001001110010001111100010011100100011111000100111001
1100011100100111000111000111001001110001110001110010011100011100011100100111000111000111001001110001110001110010011
1000111110101111100010001111101011111000100011111010111110001000111110101111100010001111101011111000100011111010111
1001110011111001110010011100111110011100100111001111100111001001110011111001110010011100111110011100100111001111100
1011100001110000111010111000011100001110101110000111000011101011100001110000111010111000011100001110101110000111000
1001100100100100110010011001001001001100100110010010010011001001100100100100110010011001001001001100100110010010010
1000111110101111100010001111101011111000100011111010111110001000111110101111100010001111101011111000100011111010111
1100011100100111000111000111001001110001110001110010011100011100011100100111000111000111001001110001110001110010011
1110001000100010001111100010001000100011111000100010001000111110001000100010001111100010001000100011111000100010001
1111000001110000011111110000011100000111111100000111000001111111000001110000011111110000011100000111111100000111000
1111100011111000111111111000111110001111111110001111100011111111100011111000111111111000111110001111111110001111100
1111110111111101111111111101111111011111111111011111110111111111110111111101111111111101111111011111111111011111110
1111111111111111111111111111111111111111111111111111111111111111111111111111111111111111111111111111111111111111111
