10100101000100000000010100001011010001011000000000100010100101
01000100100010000000101001000100100010100100000001000100100010
10000100010010000001010010100011000101000010000001001000100001
00011000010010000011100111010000001011100011000001001000011000
00010000010010000111001000101000010100010011100001001000001000
11100000010010000111010101010100001010101011100001001000000111
00000011100010000111010010011010011001001011100001000111000000
10000010000010000111010101010101001010101011100001000001000001
01000010000100001011001000100010100100010011010000100001000010
00111100011000010001000111000011010011100010001000011000111100
00000000010000101010100000000100101000000101010100001000000000
10000000100001000100011111111000011111111000100010000100000001
01111111000010101010101111110000001111110101010101000011111110
00000000000100010001000111100000000111100010001000100000000000
00000000001010101010101000000000000000010101010101010000000000
00000000010001000100010000000000000000001000100010001000000000
00000000101010101010100000000000000000000101010101010100000000
00001111000100010001000000000000000000000010001000100011110000
00011111101010101010000111111100111111100001010101010111111000
00111111110001000100001000000011000000010000100010001111111100
01000000001010101000010000000000000000001000010101010000001010
10000111000100010000110001111000011110001100001000100011100101
10001000100110100001000010000100100001000010000101100100010010
01010101010111000010000010000011000001000001000011101010101001
10110010010111000010001110000000000001110001000011101001001100
01010101010111000010010000001111110000001001000011101010101010
00101000100111000010010000010000001000001001000011100100010100
00010111001110000010010000110000001100001001000001100011101000
10001010010100000010010001000011000010001001000000100001010001
01000100101000000010001001000100100010010001000000010010100010
10100001010000000001000101001011010010100010000000001101000101
10100010110000000001000101001011010010100010000000001010000101
01000101001000000010001001000100100010010001000000010100100010
10001010000100000010010001000011000010001001000000101001010001
00010111000110000010010000110000001100001001000001110011101000
00101000100111000010010000010000001000001001000011100100010100
00010101010111000010010000001111110000001001000011101010101010
00110010010111000010001110000000000001110001000011101001001101
10010101010111000010000010000011000001000001000011101010101010
01001000100110100001000010000100100001000010000101100100010001
10100111000100010000110001111000011110001100001000100011100001
01010000001010101000010000000000000000001000010101010000000010
00111111110001000100001000000011000000010000100010001111111100
00011111101010101010000111111100111111100001010101010111111000
00001111000100010001000000000000000000000010001000100011110000
00000000101010101010100000000000000000000101010101010100000000
00000000010001000100010000000000000000001000100010001000000000
00000000001010101010101000000000000000010101010101010000000000
00000000000100010001000111100000000111100010001000100000000000
01111111000010101010101111110000001111110101010101000011111110
10000000100001000100011111111000011111111000100010000100000001
00000000010000101010100000010100100000000101010100001000000000
00111100011000010001000111001011000011100010001000011000111100
01000010000100001011001000100101000100010011010000100001000010
10000010000010000111010101010010101010101011100001000001000001
00000011100010000111010010011001011001001011100001000111000000
11100000010010000111010101010100101010101011100001001000000111
00010000010010000111001000101000010100010011100001001000001000
00011000010010000011000111010000001011100111000001001000011000
10000100010010000001000010100011000101001010000001001000100001
01000100100010000000100101000100100010010100000001000100100010
10100101000100000000011010001011010000101000000000100010100101
