1111000101000001100101010001111111000101000001100101010001111111000101000001100101010001111111000101000001100101010
0000100110000000111000110010000000100110000000111000110010000000100110000000111000110010000000100110000000111000110
1000010111000000101001110101111000010111000000101001110101111000010111000000101001110101111000010111000000101001110
0000001000000000111100001001010000001000000000111100001001010000001000000000111100001001010000001000000000111100001
0000000100001001000100010001110000000100001001000100010001110000000100001001000100010001110000000100001001000100010
1000100010001110000000100001001000100010001110000000100001001000100010001110000000100001001000100010001110000000100
0111100001001010000001000000000111100001001010000001000000000111100001001010000001000000000111100001001010000001000
0101001110101111000010111000000101001110101111000010111000000101001110101111000010111000000101001110101111000010111
0111000110010000000100110000000111000110010000000100110000000111000110010000000100110000000111000110010000000100110
1100101010001111111000101000001100101010001111111000101000001100101010001111111000101000001100101010001111111000101
