00000000000000000000100000000000000100000000000000100000000000000000000
00000000000000000011010000100000001110000000100001011000000000000000000
00000000000000000000110001110000011111000001110001100000000000000000000
00000000000000000000110011111000001110000011111001100000000000000000000
00000000000000000001110111111100000100000111111101110000000000000000000
00000000000000000011111101111100010101000111110111111000000000000000000
00000000000000000111111101010100111111100101010111111100000000000000000
00000000000000000111111101010101101110110101010111111100000000000000000
00000000011011100111111001010100010101000101010011111100111011000000000
00000000011010100011111100010100010101000101000111111000101011000000000
00000000000110110001010110000100000100000100001101010001101100000000000
00000000011110000001010011010000101110100001011001010000001111000000000
00000000010001010001010001110000111111100001110001010001010001000000000
00000000011100100010101000101110011111001110100010101000100111000000000
00000000000101010101010000011111001110011111000001010101010100000000000
00000000000000001001100000111111100100111111100000110010000000000000000
00000001110000010101110001111111110101111111110001110101000001110000000
00100011111000100010000011111111110101111111111000001000100011111000100
00100111111111011101010111111111110101111111111101010111011111111100100
01011111111000101100100111111000110101100011111100100110100011111111010
00111111111111010101010011110010010101001001111001010101011111111111100
00000011111000100000001001110000010101000001110010000000100011111000000
00000111101100000001100100110101010101010101100100110000000110111100000
00001100000110000011110010011110010101001111001001111000001100000110000
00011111110011000111111001001101010101010110010011111100011001111111000
00111100000001101111111100101000010101000010100111111110110000000111100
00011111111011011111111110010100111111100101001111111111011011111111000
00001100000000111111100011100001101110110000111000111111100000000110000
00000111111100111111000111010011000100011001011100011111100111111100000
00000000000000111111010010000110010001001100001001011111100000000000000
00000000100000011111000101001100011011000110010100011111000000100000000
00000001100011001111100000011000011111000011000000111110011000110000000
00010011011001100111111111110011110101111001111111111100110011011001000
00111001100011110000000000111001100000110011100000000001111000110011100
11111111111111111111111111111100110101100111111111111111111111111111111
00111001100011110000000000111001100000110011100000000001111000110011100
00010011011001100111111111110011110101111001111111111100110011011001000
00000001100011001111100000011000011111000011000000111110011000110000000
00000000100000011111000101001100011011000110010100011111000000100000000
00000000000000111111010010000110010001001100001001011111100000000000000
00000111111100111111000111010011000100011001011100011111100111111100000
00001100000000111111100011100001101110110000111000111111100000000110000
00011111111011011111111110010100111111100101001111111111011011111111000
00111100000001101111111100101000010101000010100111111110110000000111100
00011111110011000111111001001101010101010110010011111100011001111111000
00001100000110000011110010011110010101001111001001111000001100000110000
00000111101100000001100100110101010101010101100100110000000110111100000
00000011111000100000001001110000010101000001110010000000100011111000000
00111111111111010101010011110010010101001001111001010101011111111111100
01011111111000101100100111111000110101100011111100100110100011111111010
00100111111111011101010111111111110101111111111101010111011111111100100
00100011111000100010000011111111110101111111111000001000100011111000100
00000001110000010101110001111111110101111111110001110101000001110000000
00000000000000001001100000111111100100111111100000110010000000000000000
00000000000101010101010000011111001110011111000001010101010100000000000
00000000011100100010101000101110011111001110100010101000100111000000000
00000000010001010001010001110000111111100001110001010001010001000000000
00000000011110000001010011010000101110100001011001010000001111000000000
00000000000110110001010110000100000100000100001101010001101100000000000
00000000011010100011111100010100010101000101000111111000101011000000000
00000000011011100111111001010100010101000101010011111100111011000000000
00000000000000000111111101010101101110110101010111111100000000000000000
00000000000000000111111101010100111111100101010111111100000000000000000
00000000000000000011111101111100010101000111110111111000000000000000000
00000000000000000001110111111100000100000111111101110000000000000000000
00000000000000000000110011111000001110000011111001100000000000000000000
00000000000000000000110001110000011111000001110001100000000000000000000
00000000000000000011010000100000001110000000100001011000000000000000000
00000000000000000000100000000000000100000000000000100000000000000000000
