1000000001000000001000000001000000001000000001000000001000000001000000001000000001000000001000000001000000001000000
1100000011100000011100000011100000011100000011100000011100000011100000011100000011100000011100000011100000011100000
0110000111110000110110000111110000110110000111110000110110000111110000110110000111110000110110000111110000110110000
1101000011100001011101000011100001011101000011100001011101000011100001011101000011100001011101000011100001011101000
1011100001000011101011100001000011101011100001000011101011100001000011101011100001000011101011100001000011101011100
1010110000000110101010110000000110101010110000000110101010110000000110101010110000000110101010110000000110101010110
1000110000000110001000110000000110001000110000000110001000110000000110001000110000000110001000110000000110001000110
1101100000000011011101100000000011011101100000000011011101100000000011011101100000000011011101100000000011011101100
1001001100011001001001001100011001001001001100011001001001001100011001001001001100011001001001001100011001001001001
1010011110111100101010011110111100101010011110111100101010011110111100101010011110111100101010011110111100101010011
1010111100011110101010111100011110101010111100011110101010111100011110101010111100011110101010111100011110101010111
1111000000000001111111000000000001111111000000000001111111000000000001111111000000000001111111000000000001111111000
1001111000001111001001111000001111001001111000001111001001111000001111001001111000001111001001111000001111001001111
1110001100011000111110001100011000111110001100011000111110001100011000111110001100011000111110001100011000111110001
0100101100011010010100101100011010010100101100011010010100101100011010010100101100011010010100101100011010010100101
1100111000001110011100111000001110011100111000001110011100111000001110011100111000001110011100111000001110011100111
0100010001000100010100010001000100010100010001000100010100010001000100010100010001000100010100010001000100010100010
1100000011100000011100000011100000011100000011100000011100000011100000011100000011100000011100000011100000011100000
0110000110110000110110000110110000110110000110110000110110000110110000110110000110110000110110000110110000110110000
0011101100011111100011101100011111100011101100011111100011101100011111100011101100011111100011101100011111100011101
0001111000001111000001111000001111000001111000001111000001111000001111000001111000001111000001111000001111000001111
