11010110000110000101000010100001100001101011
11010110000110000101000010100001100001101011
00101000001000011010111101011000010000010100
11010110000110000101000010100001100001101011
00101000001000011010111101011000010000010100
11010110000110000101000010100001100001101011
11010110000110000101000010100001100001101011
00000001100001100000000000000110000110000000
00000001100001100000000000000110000110000000
00000000011000011010111101011000011000000000
00101000011000011010111101011000011000010100
11010110000110000101000010100001100001101011
11010110000110000000000000000001100001101011
00000001100001100000000000000110000110000000
00000001100001100000000000000110000110000000
00101000011000011010111101011000011000010100
00101000011000011010111101011000011000010100
11010110000100000101000010100000100001101011
00101000011000011010111101011000011000010100
11010110000100000101000010100000100001101011
00101000011000011010111101011000011000010100
00101000011000011010111101011000011000010100
00101000011000011010111101011000011000010100
00101000011000011010111101011000011000010100
11010110000100000101000010100000100001101011
00101000011000011010111101011000011000010100
11010110000100000101000010100000100001101011
00101000011000011010111101011000011000010100
00101000011000011010111101011000011000010100
00000001100001100000000000000110000110000000
00000001100001100000000000000110000110000000
11010110000110000000000000000001100001101011
11010110000110000101000010100001100001101011
00101000011000011010111101011000011000010100
00000000011000011010111101011000011000000000
00000001100001100000000000000110000110000000
00000001100001100000000000000110000110000000
11010110000110000101000010100001100001101011
11010110000110000101000010100001100001101011
00101000001000011010111101011000010000010100
11010110000110000101000010100001100001101011
00101000001000011010111101011000010000010100
11010110000110000101000010100001100001101011
11010110000110000101000010100001100001101011
