0001000000011100000000111111111111000111111111111000000001110000000100000100000001110000000011111111111100011111111
0001100000010100000000100100000011101110000001001000000001010000001100000110000001010000000010010000001110111000000
0010000001111111000000100100000101111101000001001000000111111100000010001000000111111100000010010000010111110100000
1101100001010101000001111100001000111000100001111100000101010100001101110110000101010100000111110000100011100010000
1011110111111111001111100001010010010010010100001111100111111111011110101111011111111100111110000101001001001001010
0101100101010100001001000000100111010111001000000100100001010101001101010110010101010000100100000010011101011100100
1110000111111100001001000001010010010010010100000100100001111111000011111000011111110000100100000101001001001001010
1111000001010000011111001110000001101100000011100111110000010100000111111100000101000001111100111000000110110000001
0110000001110011111000001010000011111110000010100000111110011100000011011000000111001111100000101000001111111000001
1001001010000010010000111111100001111100001111111000010010000010100100100100101000001001000011111110000111110000111
1011100100000010010000101010100110101011001010101000010010000001001110101110010000001001000010101010011010101100101
1001001010000111110011111111101111010111101111111110011111000010100100100100101000011111001111111110111101011110111
1100010000111110000010101010000110111011000010101010000011111000010001110001000011111000001010101000011011101100001
1110100000100100000011111110000001000100000011111110000001001000001011111010000010010000001111111000000100010000001
0111000000100100000000101000000110000011000000101000000001001000000111011100000010010000000010100000011000001100000
0011111111111100000000111000000010000010000000111000000001111111111110001111111111110000000011100000001000001000000
