0010000011011000110110000010001000001101100011011000001000100000110110001101100000100010000011011000110110000010001
0110000100100101001001000011011000010010010100100100001101100001001001010010010000110110000100100101001001000011011
1110000010101000101010000011111000001010100010101000001111100000101010001010100000111110000010101000101010000011111
1001110011011000110110011100100111001101100011011001110010011100110110001101100111001001110011011000110110011100100
0101100100100101001001001101010110010010010100100100110101011001001001010010010011010101100100100101001001001101010
1011011001110010011100110110101101100111001001110011011010110110011100100111001101101011011001110010011100110110101
0101100100100101001001001101010110010010010100100100110101011001001001010010010011010101100100100101001001001101010
1001110011011000110110011100100111001101100011011001110010011100110110001101100111001001110011011000110110011100100
1110000010101000101010000011111000001010100010101000001111100000101010001010100000111110000010101000101010000011111
0110000100100101001001000011011000010010010100100100001101100001001001010010010000110110000100100101001001000011011
0010000011011000110110000010001000001101100011011000001000100000110110001101100000100010000011011000110110000010001
