1110111
1110111
0110110
0001000
0110110
1110111
1110111
0001000
1110111
1110111
0110110
0001000
0110110
1110111
1110111
0001000
1110111
1110111
0110110
0001000
0110110
1110111
1110111
0001000
1110111
1110111
0110110
0001000
0110110
1110111
1110111
0001000
1110111
1110111
0110110
0001000
0110110
1110111
1110111
0001000
1110111
1110111
0110110
0001000
0110110
1110111
1110111
0001000
1110111
1110111
0110110
0001000
0110110
1110111
1110111
0001000
1110111
1110111
0110110
0001000
0110110
1110111
1110111
0001000
1110111
1110111
0110110
0001000
0110110
1110111
1110111
0001000
1110111
1110111
0110110
0001000
0110110
1110111
1110111
0001000
1110111
1110111
0110110
0001000
0110110
1110111
1110111
0001000
1110111
1110111
0110110
0001000
0110110
1110111
1110111
0001000
1110111
1110111
0110110
0001000
0110110
1110111
1110111
0001000
1110111
1110111
0110110
0001000
0110110
1110111
1110111
0001000
1110111
1110111
0110110
0001000
0110110
1110111
1110111
0001000
1110111
1110111
0110110
0001000
0110110
1110111
1110111
0001000
