10101111000000000100000000000100000000000100000000011110101
01001001000000001110000000001110000000001110000000010010010
10101010000000011011000000011011000000011011000000001010101
00011000000000101110100000101110100000101110100000000011000
11111111000001110101110001110101110001110101110000011111111
10001001000011011111011011011111011011011111011000010010001
10101001000001110101110001110101110001110101110000010010101
11001111000100100100100100100100100100100100100100011110011
00000000101110001110001110001110001110001110001110100000000
00000000011111011111011111011111011111011111011111000000000
00000000111111111111111111111111111111111111111111100000000
00000001111000000000000000000000000000000000000011110000000
00000100111011101111000000001010000000011110111011100100000
00001110011010101001000000011011000000010010101011001110000
00011011001011101010000000111011100000001010111010011011000
00101110011000011000000001000100010000000011000011001110100
01110100111011111110000010111011101000001111111011100101110
11011111111010001010011100011011000111001010001011111111011
01110100111010101110001100001010000110001110101011100101110
00101110011011000001010100000000000101010000011011001110100
00011011001000000000100000001010000000100000000010011011000
00001110011000000101010000011011000001010100000011001110000
00000100111000000110001110111011101110001100000011100100000
00000001111000000111001001111011110010011100000011110000000
00000100111000001000001001111011110010000010000011100100000
00001110011000010000000110111011101100000001000011001110000
00011011001000101000001111011011011110000010100010011011000
00101110011001101100011111101010111111000110110011001110100
01110100111011101110111111110101111111101110111011100101110
11011111111000010000000000001110000000000001000011111111011
01110100111011101110111111110101111111101110111011100101110
00101110011001101100011111101010111111000110110011001110100
00011011001000101000001111011011011110000010100010011011000
00001110011000010000000110111011101100000001000011001110000
00000100111000001000001001111011110010000010000011100100000
00000001111000000111001001111011110010011100000011110000000
00000100111000000110001110111011101110001100000011100100000
00001110011000000101010000011011000001010100000011001110000
00011011001000000000100000001010000000100000000010011011000
00101110011011000001010100000000000101010000011011001110100
01110100111010101110001100001010000110001110101011100101110
11011111111010001010011100011011000111001010001011111111011
01110100111011111110000010111011101000001111111011100101110
00101110011000011000000001000100010000000011000011001110100
00011011001011101010000000111011100000001010111010011011000
00001110011010101001000000011011000000010010101011001110000
00000100111011101111000000001010000000011110111011100100000
00000001111000000000000000000000000000000000000011110000000
00000000111111111111111111111111111111111111111111100000000
00000000011111011111011111011111011111011111011111000000000
00000000101110001110001110001110001110001110001110100000000
11001111000100100100100100100100100100100100100100011110011
10101001000001110101110001110101110001110101110000010010101
10001001000011011111011011011111011011011111011000010010001
11111111000001110101110001110101110001110101110000011111111
00011000000000101110100000101110100000101110100000000011000
10101010000000011011000000011011000000011011000000001010101
01001001000000001110000000001110000000001110000000010010010
10101111000000000100000000000100000000000100000000011110101
