0001110000000011111111111100011111111111100000000111000100000010000001000111000000001111111111110001111111111110000
1001010000000010010111001110111001110100100000000101001010000111000010100101000000001001011100111011100111010010000
0111111100001010010010010111110100100100101000011111110001001000100100011111110000101001001001011111010010010010100
0101010100000111110000000011100000000111110000010101010000110111011000010101010000011111000000001110000000011111000
1111111100111110000000000001000000000000111110011111111101111010111101111111110011111000000000000100000000000011111
0101010000100101000000000001000000000001010010000101010100110101011001010101000010010100000000000100000000000101001
1111110010100100000000001001001000000000010010100111111100001111100001111111001010010000000000100100100000000001001
0101000001111100111000000111110000001110011111000001010000011111110000010100000111110011100000011111000000111001111
0111001111100000101000001111111000001010000011111001110000001111100000011100111110000010100000111111100000101000001
0000001001010011111110000111110000111111100101001000000000010010010000000000100101001111111000011111000011111110010
0000101001000010101010011010101100101010100001001010000000000010000000000010100100001010101001101010110010101010000
0000011111001111111110111101011110111111111001111100000000000010000000000001111100111111111011110101111011111111100
0011111000001010101000011011101100001010101000001111100000000111000000001111100000101010100001101110110000101010100
0010010100001111111000100100010010001111111000010100100100101111101001001001010000111111100010010001001000111111100
1010010000000010100101000011100001010010100000000100101110011101110011101001000000001010010100001110000101001010000
1111110000000011100010000001000000100011100000000111111111111000111111111111000000001110001000000100000010001110000
