0011100111111011111110011111111111111100111111101111110011100111111011111110011111111111111100111111101111110011100
1011101111111011111100111111111111111110011111101111111011101111111011111100111111111111111110011111101111111011101
1111111000011100111001100000011100000011001110011100001111111000011100111001100000011100000011001110011100001111111
0111110011001110010011001000011100001001100100111001100111110011001110010011001000011100001001100100111001100111110
0011100111100111000110010110011100110100110001110011110011100111100111000110010110011100110100110001110011110011100
0011101110000111001100011000011100001100011001110000111011100110000111001100011000011100001100011001110000111011100
0011100111001110011000111100011100011110001100111001110011100111001110011000111100011100011110001100111001110011100
0111110011111100110001111110011100111111000110011111100111110011111100110001111110011100111111000110011111100111110
1111111001111001100011111110011100111111100011001111001111111001111001100011111110011100111111100011001111001111111
1011101100110011001111111100011100011111111001100110011011101100110011001111111100011100011111111001100110011011101
0011100110000110011100010100011100010100011100110000110011100110000110011100010100011100010100011100110000110011100
0111110011111100111000010100111110010100001110011111100111110011111100111000010100111110010100001110011111100111110
1000001001111001110000101011111111101010000111001111001000001001111001110000101011111111101010000111001111001000001
