00000000010000000000001
00000000001000000000110
00000000011100000000110
00000000110100000111000
00000001101100000111000
00000011010100000111000
01000110101011111000000
10101101010110011000000
10001010101100101000000
11001101011001001000000
11100110110010011000000
11110101100100110111100
01110011001001101010110
00111000110011010101101
00011001010110101011000
00001010101101010110000
00001011001010101100000
00001100000111011000000
00001111110001110000000
01110000111100000000000
01101000011110010000000
01000100001111001000000
00111000000111110000000
