0000011111111100000000011111111100000
0111100011100011110111100011100011110
0101101001001011010101101001001011010
0110001100011000110110001100011000110
0110001110111000110110001110111000110
1000001110111000001000001110111000001
1011110110110111101011110110110111101
1001111010101111001001111010101111001
1100111101011110011100111101011110011
1110000011100000111110000011100000111
1100111101011110011100111101011110011
1001111010101111001001111010101111001
1011110110110111101011110110110111101
1000001110111000001000001110111000001
0110001110111000110110001110111000110
0110001100011000110110001100011000110
0101101001001011010101101001001011010
0111100011100011110111100011100011110
0000011111111100000000011111111100000
0111100011100011110111100011100011110
0101101001001011010101101001001011010
0110001100011000110110001100011000110
0110001110111000110110001110111000110
1000001110111000001000001110111000001
1011110110110111101011110110110111101
1001111010101111001001111010101111001
1100111101011110011100111101011110011
1110000011100000111110000011100000111
1100111101011110011100111101011110011
1001111010101111001001111010101111001
1011110110110111101011110110110111101
1000001110111000001000001110111000001
0110001110111000110110001110111000110
0110001100011000110110001100011000110
0101101001001011010101101001001011010
0111100011100011110111100011100011110
0000011111111100000000011111111100000
