0001000000100000001000000100000100000010000000100000010000010000001000000010000001000001000000100000001000000100000
0011000001110000011100000110001100000111000001110000011000110000011100000111000001100011000001110000011100000110001
0111000011011000110110000111011100001101100011011000011101110000110110001101100001110111000011011000110110000111011
0110111001110101011100111011011011100111010101110011101101101110011101010111001110110110111001110101011100111011011
0101110100100010001001011101010111010010001000100101110101011101001000100010010111010101110100100010001001011101010
1011101110000111000011101110101110111000011100001110111010111011100001110000111011101011101110000111000011101110101
1100011011111101111110110001110001101111110111111011000111000110111111011111101100011100011011111101111110110001110
1011101110000111000011101110101110111000011100001110111010111011100001110000111011101011101110000111000011101110101
0101110100100010001001011101010111010010001000100101110101011101001000100010010111010101110100100010001001011101010
0110111001110101011100111011011011100111010101110011101101101110011101010111001110110110111001110101011100111011011
0111000011011000110110000111011100001101100011011000011101110000110110001101100001110111000011011000110110000111011
0011000001110000011100000110001100000111000001110000011000110000011100000111000001100011000001110000011100000110001
0001000000100000001000000100000100000010000000100000010000010000001000000010000001000001000000100000001000000100000
