10011111011101010111011111001
01011111011010101011011111010
00011000010101010101000011000
11111011101010101010111011111
11111011010101110101011011111
11000010101011111010101000011
11011101010100000101010111011
11011010101101110110101011011
00010101011101110111010101000
11101010100001110000101010111
11010101101111111110110101011
10101011101111111110111010101
01010100001100000110000101010
10101101111101010111110110101
01011101111100100111110111010
10101101111101010111110110101
01010100001100000110000101010
10101011101111111110111010101
11010101101111111110110101011
11101010100001110000101010111
00010101011101110111010101000
11011010101101110110101011011
11011101010100000101010111011
11000010101011111010101000011
11111011010101110101011011111
11111011101010101010111011111
00011000010101010101000011000
01011111011010101011011111010
10011111011101010111011111001
