11100111110001000001100011111000110000010001111100111
10100100010001100011000110101100011000110001000100101
11100100010001010001101100100110110001010001000100111
00010100010001001000111001110011100010010001000101000
00001101110001000100010010101001000100010001110110000
11111100000001000010000100100100001000010000000111111
10000010100001000001001001110010010000010000101000001
10001001000001000000100011011000100000010000010010001
10001010101001000000010001110001000000010010101010001
11111000011001000000001000100010000000010011000011111
00000000111001000000000100000100000000010011100000000
00000000000101000000000010001000000000010100000000000
00000000000011000000000001010000000000011000000000000
11111111111110100000000001010000000000101111111111111
01000000000001010000000001010000000001010000000000010
00100000000000101000000001010000000010100000000000100
00010000000000010100000001010000000101000000000001000
00001000000000001010000001010000001010000000000010000
01000100000000000101000001010000010100000000000100010
11100010000000000010100001010000101000000000001000111
10110001000000000001010001010001010000000000010001101
00011000100000000000101001010010100000000000100011000
00110010010000000000010101010101000000000001001001100
01100100001000000000001011011010000000000010000100110
11001001000100000000000101010100000000000100010010011
10010011100011111111111110101111111111111000111001001
11111110110000000000000001010000000000000001101111111
10010011100011111111111110101111111111111000111001001
11001001000100000000000101010100000000000100010010011
01100100001000000000001011011010000000000010000100110
00110010010000000000010101010101000000000001001001100
00011000100000000000101001010010100000000000100011000
10110001000000000001010001010001010000000000010001101
11100010000000000010100001010000101000000000001000111
01000100000000000101000001010000010100000000000100010
00001000000000001010000001010000001010000000000010000
00010000000000010100000001010000000101000000000001000
00100000000000101000000001010000000010100000000000100
01000000000001010000000001010000000001010000000000010
11111111111110100000000001010000000000101111111111111
00000000000011000000000001010000000000011000000000000
00000000000101000000000010001000000000010100000000000
00000000111001000000000100000100000000010011100000000
11111000011001000000001000100010000000010011000011111
10001010101001000000010001110001000000010010101010001
10001001000001000000100011011000100000010000010010001
10000010100001000001001001110010010000010000101000001
11111100000001000010000100100100001000010000000111111
00001101110001000100010010101001000100010001110110000
00010100010001001000111001110011100010010001000101000
11100100010001010001101100100110110001010001000100111
10100100010001100011000110101100011000110001000100101
11100111110001000001100011111000110000010001111100111
