0011100010100010001010001110001010001000101000111000101000100010100011100010100010001010001110001010001000101000111
0111110011000111000110011111001100011100011001111100110001110001100111110011000111000110011111001100011100011001111
1000001011101101101110100000101110110110111010000010111011011011101000001011101101101110100000101110110110111010000
0111110100000111000001011111010000011100000101111101000001110000010111110100000111000001011111010000011100000101111
0011100010000010000010001110001000001000001000111000100000100000100011100010000010000010001110001000001000001000111
0001000001000111000100000100000100011100010000010000010001110001000001000001000111000100000100000100011100010000010
0011100000101111101000001110000010111110100000111000001011111010000011100000101111101000001110000010111110100000111
0110110111010000010111011011011101000001011101101101110100000101110110110111010000010111011011011101000001011101101
0011100011001111100110001110001100111110011000111000110011111001100011100011001111100110001110001100111110011000111
0001000101000111000101000100010100011100010100010001010001110001010001000101000111000101000100010100011100010100010
