0100111001010101111111111110001111111111110101010011100101010110110101010011100101010111111111111000111111111111010
0010101010101001001000000110001100000010010010101010101010101111111010101010101010100100100000011000110000001001001
0011111110110001001000000011011000000010010001101111111011000111110001101111111011000100100000001101100000001001000
0010101010000001111000000001110000000011110000001010101000011010101100001010101000000111100000000111000000001111000
1111111110011110000000000100100100000000001111001111111110111100011110111111111001111000000000010010010000000000111
1010101000010010000110001110101110001100001001000010101010011010101100101010100001001000011000111010111000110000100
1111111000010010000010100100100100101000001001000011111110000111110000111111100001001000001010010010010010100000100
0110100000011110011101110011011001110111001111000000101100001111111000011010000001111001110111001101100111011100111
1011100111100000010110000111111100001101000000111100111011100110110011101110011110000001011000011111110000110100000
0100000100100001111111000011111000011111110000100100000101000001000001010000010010000111111100001111100001111111000
0110000100100001010101001101010110010101010000100100001100000001000000011000010010000101010100110101011001010101000
0000000111100111111111011110001111011111111100111100000000000001000000000000011110011111111101111000111101111111110
0001111000000101010100001101010110000101010100000011110000000011100000000111100000010101010000110101011000010101010
0001001000110111111101100011111000110111111101100010010000000111110000000100100011011111110110001111100011011111110
0001001001010101010101010111111101010101010101010010010000001110111000000100100101010101010101011111110101010101010
1111111010101001110010101011011010101001110010101011111111111101011111111111101010100111001010101101101010100111001
