0011111111000000000000000000000000011100000000000000000000000001111111100011111111000000000000000000000000011100000
0100000000110000000000000000000000101010000000000000000000000110000000010100000000110000000000000000000000101010000
0100000000001000000000000000000001011101000000000000000000001000000000010100000000001000000000000000000001011101000
0010000000000100000000000000000010101010100000000000000000010000000000100010000000000100000000000000000010101010100
1101000000000010000000000000000101101011010000000000000000100000000001011101000000000010000000000000000101101011010
1101000000000001000000010000000010011100100000000100000001000000000001011101000000000001000000010000000010011100100
1101000000000001000000100000000110101010110000000010000001000000000001011101000000000001000000100000000110101010110
1010111000100000100001100000001101110111011000000011000010000010001110101010111000100000100001100000001101110111011
0010011101010000100101100000001010101010101000000011010010000101011100100010011101010000100101100000001010101010101
1011001110010000100101000000010111011101110100000001010010000100111001101011001110010000100101000000010111011101110
0100100110010000100010000000011010101010101100000000100010000100110010010100100110010000100010000000011010101010101
1001010011100000100010000000110101110111010110000000100010000011100101001001010011100000100010000000110101110111010
1011101001000011111110000000101110101010111010000000111111100001001011101011101001000011111110000000101110101010111
1101010100000100100010000000010101011101010100000000100010010000010101011101010100000100100010000000010101011101010
1010111010000011111110000001001011101011101001000000111111100000101110101010111010000011111110000001001011101011101
0111010110000000100010000011100101001001010011100000100010000000110101110111010110000000100010000011100101001001010
1010101100000000100010000100110010010100100110010000100010000000011010101010101100000000100010000100110010010100100
1101110100000001010010000100111001101011001110010000100101000000010111011101110100000001010010000100111001101011001
1010101000000011010010000101011100100010011101010000100101100000001010101010101000000011010010000101011100100010011
0111011000000011000010000010001110101010111000100000100001100000001101110111011000000011000010000010001110101010111
1010110000000010000001000000000001011101000000000001000000100000000110101010110000000010000001000000000001011101000
1100100000000100000001000000000001011101000000000001000000010000000010011100100000000100000001000000000001011101000
1011010000000000000000100000000001011101000000000010000000000000000101101011010000000000000000100000000001011101000
1010100000000000000000010000000000100010000000000100000000000000000010101010100000000000000000010000000000100010000
1101000000000000000000001000000000010100000000001000000000000000000001011101000000000000000000001000000000010100000
1010000000000000000000000110000000010100000000110000000000000000000000101010000000000000000000000110000000010100000
1100000000000000000000000001111111100011111111000000000000000000000000011100000000000000000000000001111111100011111
