11100000111000111011100011100000111
10100000101000101010100010100000101
11111011111110111011101111111011111
00101010101010001010001010101010100
00111111111110001010001111111111100
00001010101000001010000010101010000
00111111111111111111111111111111100
00101010101000001010000010101010100
11111111101011111011111010111111111
10101010001010000000001010001010101
11111111111010110001101011111111111
00101010000010101010101000001010100
00111010111110100100101111101011100
00000010100001100100110000101000000
11100010101111100100111110101000111
10100010101000010101000010101000101
11111111100100001010000100111111111
00000010000011110001111000001000000
11111111100100001010000100111111111
10100010101000010101000010101000101
11100010101111100100111110101000111
00000010100001100100110000101000000
00111010111110100100101111101011100
00101010000010101010101000001010100
11111111111010110001101011111111111
10101010001010000000001010001010101
11111111101011111011111010111111111
00101010101000001010000010101010100
00111111111111111111111111111111100
00001010101000001010000010101010000
00111111111110001010001111111111100
00101010101010001010001010101010100
11111011111110111011101111111011111
10100000101000101010100010100000101
11100000111000111011100011100000111
