0001111111100001000100100101001001000100001111111100000111111110000100010010010100100100010000111111110000011111111
0011100111000011101001001000100100101110000111001110001110011100001110100100100010010010111000011100111000111001110
0110110010001110111111111000111111111011100010011011011011001000111011111111100011111111101110001001101101101100100
1100011000000011100000000000000000001110000000110001110001100000001110000000000000000000111000000011000111000110000
1001110000000011111111111000111111111110000000011100100111000000001111111111100011111111111000000001110010011100000
1000100000000011101001001000100100101110000000001000100010000000001110100100100010010010111000000000100010001000000
1100001000000011100100100101001001001110000000100001110000100000001110010010010100100100111000000010000111000010000
0110011101000111110000000000000000011111000101110011011001110100011111000000000000000001111100010111001101100111010
0011111111101111111111111000111111111111101111111110001111111110111111111111100011111111111110111111111000111111111
0110011101001111111111111101111111111111100101110011011001110100111111111111110111111111111110010111001101100111010
1100001000000111111111111000111111111111000000100001110000100000011111111111100011111111111100000010000111000010000
1000100000000010100000101000101000001010000000001000100010000000001010000010100010100000101000000000100010001000000
1001110000000010100000101000101000001010000000011100100111000000001010000010100010100000101000000001110010011100000
1100011000000010100000101000101000001010000000110001110001100000001010000010100010100000101000000011000111000110000
0110110010000101010001010101010100010101000010011011011011001000010101000101010101010001010100001001101101101100100
0011100111000000000000000000000000000000000111001110001110011100000000000000000000000000000000011100111000111001110
0001111111100000000000000000000000000000001111111100000111111110000000000000000000000000000000111111110000011111111
