010100010000000100000001000000010000000100000001000000010001010
001100111000001110000011100000111000001110000011100000111001100
011101101100011011000110110001101100011011000110110001101101110
000011000110110001101100011011000110110001101100011011000110000
000111111111111111111111111111111111111111111111111111111111000
001110000000000000000000000000000000000000000000000000000011100
011010000000100000000000011100010001110000000000001000000010110
110010000000110001110111001110111011100111011100011000000010011
011010000000111001100001110111111111011100001100111000000010110
001110000100111101000000111000111000111000000101111001000011100
000110000011011011100000011100010001110000001110110110000011000
000010000011101011110000011110010011110000011110101110000010000
000110111101110011111000001111111111100000111110011101111011000
001110011110101100111100000111101111000001111001101011110011100
011010001111010111011110000011010110000011110111010111100010110
110010000100011011101111000000010000000111101110110001000010011
011010000011101100110111100001010100001111011001101110000010110
001110011111101100111011100001101100001110111001101111110011100
000110011011110111001011100110101011001110100111011110110011000
000010010001111011001101100011010110001101100110111100010010000
000110000000111101110101100000111000001101011101111000000011000
001110000000011110011101000011010110000101110011110000000011100
011010000000001111100010000110101011000010001111100000000010110
110010101011000111111101000001101100000101111111000110101010011
011010011010000011111000100001010100001000111110000010110010110
001110111010110000000000010000010000010000000000011010111011100
000110000110100000000000001000010000100000000000001011000011000
000010111110101100000000000100010001000000000001101011111010000
000110100001101000000000000010101010000000000000101100001011000
001110001111101011000010000001101100000010000110101111100011100
011010001000011010000011000011101110000110000010110000100010110
110010000011111010000011100000010000001110000010111110000010011
011010000010000110000011110011101110011110000011000010000010110
001110000000111110000011011001101100110110000011111000000011100
000110000000100001000011001100101001100110000100001000000011000
000010000000000000100011000110010011000110001000000000000010000
000110000000000000010011111111010111111110010000000000000011000
001110000000000000001011111111101111111110100000000000000011100
011010000000011111111100000000000000000001111111110000000010110
110010000000001111111100110011001111111101111111100000000010011
011010000100000110001101010010100010010001100011000001000010110
001110001010000011001100010010000110011001100110000010100011100
000110010100000001101100111111001011110101101100000001010011000
000010010111110000111100010010000110011001111000011111010010000
000110010000111000011101010010100010010001110000111000010011000
001110001100001001001100110011001110011101100100100001100011100
011010010011111100100100000000000000000001001001111110010010110
110010101100000111111011111111111111111110111111000001101010011
011010010011111100100100000000000000000001001001111110010010110
001110001100001001001101010110001100011001100100100001100011100
000110010000111000011100101001010010100101110000111000010011000
000010010111110000111100101001000010100101111000011111010010000
000110010100000001101100100110000100011001101100000001010011000
001110001010000011001100101001001000100101100110000010100011100
011010000100000110001100101001010000100101100011000001000010110
110010000000001111111101010110011110011001111111100000000010011
011010000000011111111100000000000000000001111111110000000010110
001110000000000000001011111111101111111110100000000000000011100
000110000000000000010011111111010111111110010000000000000011000
000010000000000000100011000110010011000110001000000000000010000
000110000000100001000011001100101001100110000100001000000011000
001110000000111110000011011001101100110110000011111000000011100
011010000010000110000011110011101110011110000011000010000010110
110010000011111010000011100000010000001110000010111110000010011
011010001000011010000011000011101110000110000010110000100010110
001110001111101011000010000001101100000010000110101111100011100
000110100001101000000000000010101010000000000000101100001011000
000010111110101100000000000100010001000000000001101011111010000
000110000110100000000000001000010000100000000000001011000011000
001110111010110000000000010000010000010000000000011010111011100
011010011010000011111000100001010100001000111110000010110010110
110010101011000111111101000001101100000101111111000110101010011
011010000000001111100010000110101011000010001111100000000010110
001110000000011110011101000011010110000101110011110000000011100
000110000000111101110101100000111000001101011101111000000011000
000010010001111011001101100011010110001101100110111100010010000
000110011011110111001011100110101011001110100111011110110011000
001110011111101100111011100001101100001110111001101111110011100
011010000011101100110111100001010100001111011001101110000010110
110010000100011011101111000000010000000111101110110001000010011
011010001111010111011110000011010110000011110111010111100010110
001110011110101100111100000111101111000001111001101011110011100
000110111101110011111000001111111111100000111110011101111011000
000010000011101011110000011110010011110000011110101110000010000
000110000011011011100000011100010001110000001110110110000011000
001110000100111101000000111000111000111000000101111001000011100
011010000000111001100001110111111111011100001100111000000010110
110010000000110001110111001110111011100111011100011000000010011
011010000000100000000000011100010001110000000000001000000010110
001110000000000000000000000000000000000000000000000000000011100
000111111111111111111111111111111111111111111111111111111111000
000011000110110001101100011011000110110001101100011011000110000
011101101100011011000110110001101100011011000110110001101101110
001100111000001110000011100000111000001110000011100000111001100
010100010000000100000001000000010000000100000001000000010001010
