10000111010011000100011001011100001
01100100011001100100110011000100110
01100110011101101010110111001100110
00010010011110101010101111001001000
00001010011011010101011011001010000
11100101010001101110110001010100111
10111010011011110101111011001011101
10000101011101111011110111010100001
00000000111000111011100011100000000
11111111101101011011010110111111111
01111011110111001010011101111011110
00110001011011011011011011010001100
10011010001101111011110110001011001
11101111011110111011101111011110111
00110111100011011011011000111101100
00001011110111101010111101111010000
00110101111111110101111111110101100
11001110000000001110000000001110011
00110101111111110101111111110101100
00001011110111101010111101111010000
00110111100011011011011000111101100
11101111011110111011101111011110111
10011010001101111011110110001011001
00110001011011011011011011010001100
01111011110111001010011101111011110
11111111101101011011010110111111111
00000000111000111011100011100000000
10000101011101111011110111010100001
10111010011011110101111011001011101
11100101010001101110110001010100111
00001010011011010101011011001010000
00010010011110101010101111001001000
01100110011101101010110111001100110
01100100011001100100110011000100110
10000111010011000100011001011100001
