00011111111100000100001000111110001111100010000100000111111111000
00100100100010001000000101000001010000010100000010001000100100100
01000010010001010000000010000010101000001000000001010001001000010
10000010010000100000000010000100100100001000000000100001001000001
10001100010000100000000010001000100010001000000000100001000110001
11001000010000100011110001110000100001110001111000100001000010011
10110011100000100010010010010000100001001001001000100000111001101
10000010000001000010010010010001010001001001001000010000001000001
11000010111110011111111111101110001110111111111111001111101000011
10111100100000010010010010000001010000001001001001000000100111101
10000000100000010010010010000000100000001001001001000000100000001
10000000100000011111111111110000000001111111111111000000100000001
01000000100000000010010010010000000001001001001000000000100000010
00100001000000000010010010010000000001001001001000000000010000100
00011110011110011111111111110000000001111111111111001111001111000
00100000010010010010010010000000100000001001001001001001000000100
01000000010010010010010010000001010000001001001001001001000000010
10000011111111111110011110000010001000001111001111111111111000001
00000010010010010000000000111100000111100000000001001001001000000
00000010010010010000000001000010001000010000000001001001001000000
00000011111111111110000010000001010000001000001111111111111000000
10000000010010010010000010000000100000001000001001001001000000001
01000000010010010010000010000000100000001000001001001001000000010
00111101111111111110000010011110101111001000001111111111110111100
01000010010010010000111110100001110000101111100001001001001000010
10000010010010010001000000100000100000100000010001001001001000001
10000011100011110010000011100110101100111000001001111000111000001
10000100010000000010000100001001110010000100001000000001000100001
10001000010000000010000100011000100011000100001000000001000010001
10010000010000000010000100100000100000100100001000000001000001001
10100000010000000101000100100001010000100100010100000001000000101
01000000101000001000100010010010001001001000100010000010100000010
00111111000100010000011111111100000111111111000001000100011111100
01000000101000001000100010010010001001001000100010000010100000010
10100000010000000101000100100001010000100100010100000001000000101
10010000010000000010000100100000100000100100001000000001000001001
10001000010000000010000100011000100011000100001000000001000010001
10000100010000000010000100001001110010000100001000000001000100001
10000011100011110010000011100110101100111000001001111000111000001
10000010010010010001000000100000100000100000010001001001001000001
01000010010010010000111110100001110000101111100001001001001000010
00111101111111111110000010011110101111001000001111111111110111100
01000000010010010010000010000000100000001000001001001001000000010
10000000010010010010000010000000100000001000001001001001000000001
00000011111111111110000010000001010000001000001111111111111000000
00000010010010010000000001000010001000010000000001001001001000000
00000010010010010000000000111100000111100000000001001001001000000
10000011111111111110011110000010001000001111001111111111111000001
01000000010010010010010010000001010000001001001001001001000000010
00100000010010010010010010000000100000001001001001001001000000100
00011110011110011111111111110000000001111111111111001111001111000
00100001000000000010010010010000000001001001001000000000010000100
01000000100000000010010010010000000001001001001000000000100000010
10000000100000011111111111110000000001111111111111000000100000001
10000000100000010010010010000000100000001001001001000000100000001
10111100100000010010010010000001010000001001001001000000100111101
11000010111110011111111111101110001110111111111111001111101000011
10000010000001000010010010010001010001001001001000010000001000001
10110011100000100010010010010000100001001001001000100000111001101
11001000010000100011110001110000100001110001111000100001000010011
10001100010000100000000010001000100010001000000000100001000110001
10000010010000100000000010000100100100001000000000100001001000001
01000010010001010000000010000010101000001000000001010001001000010
00100100100010001000000101000001010000010100000010001000100100100
00011111111100000100001000111110001111100010000100000111111111000
