0000000000000000000000011111011111000000000000000000000000011111011111000000000000000000000000011111011111000000000
0000000000000000000000001000100010000000000000000000000000001000100010000000000000000000000000001000100010000000000
0000111110001111100001110101010101110000111110001111100001110101010101110000111110001111100001110101010101110000111
0001000010001000010000010101010101000001000010001000010000010101010101000001000010001000010000010101010101000001000
0010000010001000001001101010001010110010000010001000001001101010001010110010000010001000001001101010001010110010000
0100000010001000000100101010001010100100000010001000000100101010001010100100000010001000000100101010001010100100000
0100000101010100000100101010001010100100000101010100000100101010001010100100000101010100000100101010001010100100000
0100101101010110100100101010001010100100101101010110100100101010001010100100101101010110100100101010001010100100101
1001001101010110010010101010001010101001001101010110010010101010001010101001001101010110010010101010001010101001001
1011001000100010011010101010001010101011001000100010011010101010001010101011001000100010011010101010001010101011001
1011010000100001011010010101010101001011010000100001011010010101010101001011010000100001011010010101010101001011010
1010000000100000001010001010101010001010000000100000001010001010101010001010000000100000001010001010101010001010000
1111100001010000111111100101010100111111100001010000111111100101010100111111100001010000111111100101010100111111100
0000010010101001000000010010101001000000010010101001000000010010101001000000010010101001000000010010101001000000010
1111100101010100111111100001010000111111100101010100111111100001010000111111100101010100111111100001010000111111100
1010001010101010001010000000100000001010001010101010001010000000100000001010001010101010001010000000100000001010001
1010010101010101001011010000100001011010010101010101001011010000100001011010010101010101001011010000100001011010010
1010101010001010101011001000100010011010101010001010101011001000100010011010101010001010101011001000100010011010101
0010101010001010101001001101010110010010101010001010101001001101010110010010101010001010101001001101010110010010101
0100101010001010100100101101010110100100101010001010100100101101010110100100101010001010100100101101010110100100101
0100101010001010100100000101010100000100101010001010100100000101010100000100101010001010100100000101010100000100101
0100101010001010100100000010001000000100101010001010100100000010001000000100101010001010100100000010001000000100101
1001101010001010110010000010001000001001101010001010110010000010001000001001101010001010110010000010001000001001101
0000010101010101000001000010001000010000010101010101000001000010001000010000010101010101000001000010001000010000010
0001110101010101110000111110001111100001110101010101110000111110001111100001110101010101110000111110001111100001110
0000001000100010000000000000000000000000001000100010000000000000000000000000001000100010000000000000000000000000001
0000011111011111000000000000000000000000011111011111000000000000000000000000011111011111000000000000000000000000011
