000000010000010000000000000000
000000001000100000000000000000
000000000101000000000000000000
000000000111000000000000000000
000100000111000001000000000000
000011111111111110000000000000
000001111111111100000000000000
000011111111111110000000000000
000100000111000001000000000000
000000000111000000000000000000
000001000111000101000000000000
000001000111000010000000100000
000011000111000111000001110000
001111100111011111000000111000
011111000111010111000001011100
110111000111110111101001101110
110111000111000111000111000111
010111000111000111000111000010
000111000111000111000111000000
000111000111000111000111000000
000111000111000111000111000000
000111000111000111000111000010
000111000111010111000111111100
000111000111010111000111111100
000111000111010111000111111100
000111010111001111000111111100
000111001111001111001000011100
000111001111010111000000011100
000111010111010111000000011100
001110100011100111000000011100
000100000010000111011000011100
000000000000000111101100011100
000000000000000110001110110010
000000000000000100000111010000
000000000000000000000011100000
000000000000000000000001110000
000000000000000000000000100000
