00000000000001110000000000000
00111111100010101000111111100
00100100100011111000100100100
00100100100011011000100100100
00111111100110001100111111100
00100110001111011110001100100
00100101001101110110010100100
00111100101000000010100111100
00000000010111111101000000000
00000001101000100010110000000
00000111010110101101011100000
00111110010101110101001111100
01011011010011011001011011010
11110001011110001111010001111
01011011010011011001011011010
00111110010101110101001111100
00000111010110101101011100000
00000001101000100010110000000
00000000010111111101000000000
00111100101000000010100111100
00100101001101110110010100100
00100110001111011110001100100
00111111100110001100111111100
00100100100011011000100100100
00100100100011111000100100100
00111111100010101000111111100
00000000000001110000000000000
