011111111011100101110111111110010011111111011101001110111111110
110001000101110010101000100010101010001000101010011101000100011
101011100010111001010001000001000100000100010100111010001110101
100101000001011100100001000010101010000100001001110100000101001
101010000010101110100000100100010001001000001011101010000010101
111101000111010110100000011000010000110000001011010111000101111
101000100010001010010000011000010000110000010010100010001000101
100000011111111101001000100100111001001000100101111111110000001
100000010000100011100111000011010110000111001110001000010000001
010001010110100111110001000000010000000100011111001011010100010
101011110110011011111001000000010000000100111110110011011110101
110101010001000101111100100000101000001001111101000100010101011
111010011100110100111110010001010100010011111001011001110010111
011101010010110011011111001110111011100111110110011010010101110
001110110010001000101111100001010100001111101000100010011011100
100111010101100110100111011100101001110111001011001101010111001
010011101110010110011010101110010011101010110011010011101110010
101000011111010001000100110111000111011001000100010111110000101
110111001111101100110100101011101110101001011001101111100111011
101000100111110010110011100101111101001110011010011111001000101
010000010011111010001000101010111010101000100010111110010000010
100000001001111101100110111101010101111011001101111100100000001
100000001000111110010110101000101000101011010011111000100000001
101100001110011100010000100000010000001000010001110011100001101
110010010001001011111111100000010000001111111110100100010010011
100001100000100101000100010001010100010001000101001000001100001
100001100000010110101110001011111110100011101011010000001100001
100010010000010111010100000101010101000001010111010000010010001
010100001000010011101000001010010010100000101110010000100001010
001000001000101001110100011101010101110001011100101000100000100
010100010001010100111010001000111000100010111001010100010001010
100011111110111010011101111111101111111101110010111011111110001
010100010001010100111010001000111000100010111001010100010001010
001000001000101001110100011101010101110001011100101000100000100
010100001000010011101000001010010010100000101110010000100001010
100010010000010111010100000101010101000001010111010000010010001
100001100000010110101110001011111110100011101011010000001100001
100001100000100101000100010001010100010001000101001000001100001
110010010001001011111111100000010000001111111110100100010010011
101100001110011100010000100000010000001000010001110011100001101
100000001000111110010110101000101000101011010011111000100000001
100000001001111101100110111101010101111011001101111100100000001
010000010011111010001000101010111010101000100010111110010000010
101000100111110010110011100101111101001110011010011111001000101
110111001111101100110100101011101110101001011001101111100111011
101000011111010001000100110111000111011001000100010111110000101
010011101110010110011010101110010011101010110011010011101110010
100111010101100110100111011100101001110111001011001101010111001
001110110010001000101111100001010100001111101000100010011011100
011101010010110011011111001110111011100111110110011010010101110
111010011100110100111110010001010100010011111001011001110010111
110101010001000101111100100000101000001001111101000100010101011
101011110110011011111001000000010000000100111110110011011110101
010001010110100111110001000000010000000100011111001011010100010
100000010000100011100111000011010110000111001110001000010000001
100000011111111101001000100100111001001000100101111111110000001
101000100010001010010000011000010000110000010010100010001000101
111101000111010110100000011000010000110000001011010111000101111
101010000010101110100000100100010001001000001011101010000010101
100101000001011100100001000010101010000100001001110100000101001
101011100010111001010001000001000100000100010100111010001110101
110001000101110010101000100010101010001000101010011101000100011
011111111011100101110111111110010011111111011101001110111111110
