111111111111111111111111111111111111111111111111111111111111111111111111111
100000000000000000000000000000000000000000000000000000000000000000000000001
100001110000000000000000000000000000010000000000000000000000000000001101001
100010101000000000000010000010000000111000000010000010000000000000010010001
100110101100000000001101000111000001111100000111000101100000000000010000001
101110101110000000000011001111100000111000001111100110000000000000001110001
100110101100000000000011011111110000010000011111110110000000000000000001001
100010101000000000000111010111110001010100011111010111000000000000001001001
100110101100000000001111110101010011111110010101011111100000000000010110001
100000000000000000011111100101010111111111010101001111110000000000000000001
100000000001100000011111100101010001010100010101001111110000001100000000001
100000000001100000001111110001010001010100010100011111100000001100000000001
100000000000011000000101011000010000010000010000110101000000110000000000001
100000000000011000000101001101000010111010000101100101000000110000000000001
100000000000000101000101000111000011111110000111000101000101000000000000001
100000000000000010001010100010111001111100111010001010100010000000000000001
100000000000000101010101000001111100111001111100000101010101000000000000001
100000000000000000100110000011111110010011111110000011001000000000000000001
100000010000010001010111000111111111010111111111000111010100010000010000001
100000111000101100001000001111111111010111111111100000100001101000111000001
100001111100110001110101011111111111010111111111110101011100011001111100001
100011111110110000110010011111100011010110001111110010011000011011111110001
100011111010111001010101001111001001010100100111100101010100111010111110001
100010101011111100000000100111000001010100000111001000000001111110101010001
100010101001111110000110010011010101010101010110010011000011111100101010001
100010101001111110001111001001111001010100111100100111100011111100101010001
100010100011111100011111100100110101010101011001001111110001111110001010001
100010000110101000111111110010100001010100001010011111111000101011000010001
100000101100101001111111111001010011111110010100111111111100101001101000001
100000111000101011111110001110000110111011000011100011111110101000111000001
100000010001010111111100011101001100010001100101110001111111010100010000001
100000000000000011111101001000011001000100110000100101111110000000000000001
100000000010000001111100010100110001101100011001010001111100000010000000001
100000000110001100111110000001100001111100001100000011111001100011000000001
100001001111100110011111111111001111010111100111111111110011001111100100001
100011100110001111000000000001100110000011001100000000000111100011001110001
100111111111111111111111111111110011010110011111111111111111111111111111001
100011100110001111000000000001100110000011001100000000000111100011001110001
100001001111100110011111111111001111010111100111111111110011001111100100001
100000000110001100111110000001100001111100001100000011111001100011000000001
100000000010000001111100010100110001101100011001010001111100000010000000001
100000000000000011111101001000011001000100110000100101111110000000000000001
100000010000010011111100011101001100010001100101110001111110010000010000001
100000111000101111111110001110000110111011000011100011111111101000111000001
100001111100110001111111111001010011111110010100111111111100011001111100001
100011111110110000111111110010100001010100001010011111111000011011111110001
100011111010111000011111100100110101010101011001001111110000111010111110001
100010101011111100001111001001111001010100111100100111100001111110101010001
100010101001111110000110010011010101010101010110010011000011111100101010001
100010101001111110000000100111000001010100000111001000000011111100101010001
100010100011111101010101001111001001010100100111100101010101111110001010001
100010000110101000110010011111100011010110001111110010011000101011000010001
100000101100101001110101011111111111010111111111110101011100101001101000001
100000111000101000001000001111111111010111111111100000100000101000111000001
100000010001010101010111000111111111010111111111000111010101010100010000001
100000000000000000100110000011111110010011111110000011001000000000000000001
100000000000010101010101000001111100111001111100000101010101010000000000001
100000000001110010000010000010111001111100111010000010000010011100000000001
100000000001000101001101000111000011111110000111000101100101000100000000001
100000000001111000000011001111100010111010001111100110000000111100000000001
100000000000011011000011011111110000010000011111110110000110110000000000001
100000000001101010000111010111110001010100011111010111000010101100000000001
100000000001101110001111110101010001010100010101011111100011101100000000001
100000000000000000011111100101010111111111010101001111110000000000000000001
100011010000000000011111100101010011111110010101001111110000000011111111001
100100100000000000001111110001010001010100010100011111100000000000100100001
100100000000000000000101011000010000010000010000110101000000000001100110001
100011100000000000000101001101000000111000000101100101000000000011101111001
100000010000000000000101000111000001111100000111000101000000000001110110001
100010010000000000001010100010000000111000000010001010100000000000100100001
100101100000000000000000000000000000010000000000000000000000000011100111001
100000000000000000000000000000000000000000000000000000000000000000000000001
111111111111111111111111111111111111111111111111111111111111111111111111111
