0000101010001010100001101000010101000101010000110100001010100010101000011010000101010001010100001101000010101000101
0001010011011001010001001000101001101100101000100100010100110110010100010010001010011011001010001001000101001101100
0010100011111000101001011001010001111100010100101100101000111110001010010110010100011111000101001011001010001111100
0101011111011111010101111010101111101111101010111101010111110111110101011110101011111011111010101111010101111101111
1010001110101110001011101101000111010111000101110110100011101011100010111011010001110101110001011101101000111010111
0100000101010100000101001010000010101010000010100101000001010101000001010010100000101010100000101001010000010101010
1010001110101110001011011101000111010111000101101110100011101011100010110111010001110101110001011011101000111010111
0101011111011111010101111010101111101111101010111101010111110111110101011110101011111011111010101111010101111101111
0010100011111000101001101001010001111100010100110100101000111110001010011010010100011111000101001101001010001111100
0001010011011001010001001000101001101100101000100100010100110110010100010010001010011011001010001001000101001101100
0000101010001010100001011000010101000101010000101100001010100010101000010110000101010001010100001011000010101000101
