0000000001000000000000000000000000000100000000000000000000000000010000000000000000000000000001000000000000000000000
0000000010100000000000000000000000001010000000000000000000000000101000000000000000000000000010100000000000000000000
0000000100010000000000000000000000010001000000000000000000000001000100000000000000000000000100010000000000000000000
0000000100010000000000000000000000010001000000000000000000000001000100000000000000000000000100010000000000000000000
0000001111111000000000000000000000111111100000000000000000000011111110000000000000000000001111111000000000000000000
0000010000000100000000000000000001000000010000000000000000000100000001000000000000000000010000000100000000000000000
0110001000001000000000000000000000100000100011000000000001100010000010000000000000000000001000001000110000000000011
1101000100010000000000000000000000010001000101110000000111010001000100000000000000000000000100010001011100000001110
0100100010100010000000010000000010001010001001001000001001001000101000100000000100000000100010100010010010000010010
0100010010100101000000101000000101001010010001000101010001000100101001010000001010000001010010100100010001010100010
0100001110111001110010101010011100111011100001000010100001000011101110011100101010100111001110111000010000101000010
0100000001000001001001111100100100000100000001000010100001000000010000010010011111001001000001000000010000101000010
0000001110111001110010010010011100111011100000010111110100000011101110011100100100100111001110111000000101111101000
1000010110110101000101010101000101011011010000111001001110000101101101010001010101010001010110110100001110010011100
1100101010101010001110111011100010101010101001101101011011001010101010100011101110111000101010101010011011010110110
0110010101010100011011010110110001010101010011001010101001100101010101000110110101101100010101010100110010101010011
1100101010101010010001101100010010101010101001100010100011001010101010100100011011000100101010101010011000101000110
1001010110110101001011000110100101011011010100110001000110010101101101010010110001101001010110110101001100010001100
0010101110111010100001101100001010111011101010011011101100101011101110101000011011000010101110111010100110111011001
0101011110111101010011000110010101111011110101001101011001010111101111010100110001100101011110111101010011010110010
1010001110111000101001101100101000111011100010100110110010100011101110001010011011001010001110111000101001101100101
0100000110110000010100111001010000011011000001010110110101000001101100000101001110010100000110110000010101101101010
1000001010101000001011111110100000101010100000101111111010000010101010000010111111101000001010101000001011111110100
0000011101011100000111111111000001110101110000011111111100000111010111000001111111110000011101011100000111111111000
