0001111110000000001000000001000000001000000000111111000001111110000000001000000001000000001000000000111111000001111
0011111111000000010000000011100000000100000001111111100011111111000000010000000011100000000100000001111111100011111
0100000000110000110010100101010010100110000110000000010100000000110000110010100101010010100110000110000000010100000
0010000010001000110001101110111011000110001000100000100010000010001000110001101110111011000110001000100000100010000
0001000001000100110011100101010011100110010001000001000001000001000100110011100101010011100110010001000001000001000
0001000001100010100000011011101100000010100011000001000001000001100010100000011011101100000010100011000001000001000
0001000001100001000000011101011100000001000011000001000001000001100001000000011101011100000001000011000001000001000
0010100001101001000000101010101010000001001011000010100010100001101001000000101010101010000001001011000010100010100
0010110000101000100001110111110111000010001010000110100010110000101000100001110111110111000010001010000110100010110
0010110000010000100000101010101010000010000100000110100010110000010000100000101010101010000010000100000110100010110
0100110000010000100000011101011100000010000100000110010100110000010000100000011101011100000010000100000110010100110
1000010001111111111000001011101000001111111111000100001000010001111111111000001011101000001111111111000100001000010
1000001010000000000101000001000001010000000000101000001000001010000000000101000001000001010000000000101000001000001
1101000001111111111000100001000010001111111111000001011101000001111111111000100001000010001111111111000001011101000
1011100000010000100000110010100110000010000100000011101011100000010000100000110010100110000010000100000011101011100
0101010000010000100000110100010110000010000100000101010101010000010000100000110100010110000010000100000101010101010
1110111000010001010000110100010110000101000100001110111110111000010001010000110100010110000101000100001110111110111
0101010000001001011000010100010100001101001000000101010101010000001001011000010100010100001101001000000101010101010
1011100000001000011000001000001000001100001000000011101011100000001000011000001000001000001100001000000011101011100
1101100000010100011000001000001000001100010100000011011101100000010100011000001000001000001100010100000011011101100
1010011100110010001000001000001000001000100110011100101010011100110010001000001000001000001000100110011100101010011
0111011000110001000100000100010000010001000110001101110111011000110001000100000100010000010001000110001101110111011
1010010100110000110000000010100000000110000110010100101010010100110000110000000010100000000110000110010100101010010
1100000000100000001111111100011111111000000010000000011100000000100000001111111100011111111000000010000000011100000
1000000001000000000111111000001111110000000001000000001000000001000000000111111000001111110000000001000000001000000
