1000000001110000011111111011111111000001110000000010000000011100000111111110111111110000011100000000100000000111000
1100100000111000100000000100000000100011100000100111001000001110001000000001000000001000111000001001110010000011100
1001110000011101011111111011111111010111000001110010011100000111010111111110111111110101110000011100100111000001110
1011100000001010100000001110000000101010000000111010111000000010101000000011100000001010100000001110101110000000101
0111000000000101000000000100000000010100000000011101110000000001010000000001000000000101000000000111011100000000010
1010010000000101000001000100010000010100000001001010100100000001010000010001000100000101000000010010101001000000010
1101111000000101000011100100111000010100000011110111011110000001010000111001001110000101000000111101110111100000010
1010010001111111100001110101110000111111110001001010100100011111111000011101011100001111111100010010101001000111111
0111000010000000010000111011100001000000001000011101110000100000000100001110111000010000000010000111011100001000000
1011100001111111100010010101001000111111110000111010111000011111111000100101010010001111111100001110101110000111111
1001110000101000000111101110111100000010100001110010011100001010000001111011101111000000101000011100100111000010100
1000100000101000000010010101001000000010100000100010001000001010000000100101010010000000101000001000100010000010100
1000000000101000000000111011100000000010100000000010000000001010000000001110111000000000101000000000100000000010100
1100000001010100000001110101110000000101010000000111000000010101000000011101011100000001010100000001110000000101010
0111111110101110000011100100111000001110101111111101111111101011100000111001001110000011101011111111011111111010111
1000000001000111000001001110010000011100010000000010000000010001110000010011100100000111000100000000100000000100011
0111111110000011100000000100000000111000001111111101111111100000111000000001000000001110000011111111011111111000001
