0000001000100010000000000010001000100000000000100010001000000000001000100010000000000010001000100000000000100010001
0000011101110111000000000111011101110000000001110111011100000000011101110111000000000111011101110000000001110111011
0000001110101110000000000011101011100000000000111010111000000000001110101110000000000011101011100000000000111010111
0000000110101100000000000001101011000000000000011010110000000000000110101100000000000001101011000000000000011010110
0000111010101011100000001110101010111000000011101010101110000000111010101011100000001110101010111000000011101010101
0001111101010111110000011111010101111100000111110101011111000001111101010111110000011111010101111100000111110101011
0011111110101111111000111111101011111110001111111010111111100011111110101111111000111111101011111110001111111010111
0001000001110000010000010000011100000100000100000111000001000001000001110000010000010000011100000100000100000111000
0000111110101111100000001111101011111000000011111010111110000000111110101111100000001111101011111000000011111010111
0011110001110001111000111100011100011110001111000111000111100011110001110001111000111100011100011110001111000111000
0111101110101110111101111011101011101111011110111010111011110111101110101110111101111011101011101111011110111010111
0111011110101111011101110111101011110111011101111010111101110111011110101111011101110111101011110111011101111010111
0010111101110111101000101111011101111010001011110111011110100010111101110111101000101111011101111010001011110111011
0000111011111011100000001110111110111000000011101111101110000000111011111011100000001110111110111000000011101111101
0000111001110011100000001110011100111000000011100111001110000000111001110011100000001110011100111000000011100111001
1000010000100001000010000100001000010000100001000010000100001000010000100001000010000100001000010000100001000010000
1100000001110000000111000000011100000001110000000111000000011100000001110000000111000000011100000001110000000111000
0110000011011000001101100000110110000011011000001101100000110110000011011000001101100000110110000011011000001101100
0011111110001111111000111111100011111110001111111000111111100011111110001111111000111111100011111110001111111000111
0001111100000111110000011111000001111100000111110000011111000001111100000111110000011111000001111100000111110000011
