0000000000000000000000100000000000000000000
0000000001111111100001010000111111110000000
0000000011111111100001010000111111111000000
0000000011111111110010001001111111111000000
0000000011111111111010001011111111111000000
0000000010000011111010001011111000001000000
0000000001000011111010001011111000010000000
0000000000000000111010001011100000000000000
0000000000000000011010001011000000000000000
0000000000000011101010001010111000000000000
0000000000011111110010001001111111000000000
0000000000111111111010001011111111100000000
0000000000111111111010001011111111100000000
0000000000100001111010001011110000100000000
0000000000010001111010001011110001000000000
0000000000000000111010001011100000000000000
0000000000000000111101010111100000000000000
0000000000000000011101010111000000000000000
0000000000000000011101010111000000000000000
0000000011111100001110101110000111111000000
0000000111111111000111011100011111111100000
0000000111111111100000100000111111111100000
0000000111111111110000100001111111111100000
0000000100001111111000100011111110000100000
0000000010000011111100100111111000001000000
0000011000000000111100100111100000000011000
0000111100000000011100100111000000000111100
0000000010000000001110101110000000001000000
0000000010000000001110101110000000001000000
0000000111000000001110101110000000011100000
0000011010110000000110101100000001101011000
0000110101011000000011011000000011010101100
0000100101001000000000100000000010010100100
0010100101001010000000100000001010010100101
1001101101101100100110101100100110110110110
0111001010100111001010101010011100101010011
0010011010110010001001010010001001101011001
0001110101011100000110001100000111010101110
0000000010000000000000000000000000001000000
