1111111111111111111111111111111111111111111111111111111111111111111111111111111111111111111111111111111111111111111
1000000011110111100000001000000000000100000000000010000000111101111000000010000000000001000000000000100000001111011
1001010011100011100101001011010000001110000001011010010100111000111001010010110100000011100000010110100101001110001
1011111011010101101111101010110000011011000001101010111110110101011011111010101100000110110000011010101111101101010
1001010010001000100101001001110000001110000001110010010100100010001001010010011100000011100000011100100101001000100
1011111011010101101111101011110010010101001001111010111110110101011011111010111100100101010010011110101111101101010
1001010011100011100101001000001100110101100110000010010100111000111001010010000011001101011001100000100101001110001
1000000011110111100000001000001101110101110110000010000000111101111000000010000011011101011101100000100000001111011
1111111111111111111111111000010010110101101001000011111111111111111111111110000100101101011010010000111111111111111
1111011110000000111101111000000111010101011100000011110111100000001111011110000001110101010111000000111101111000000
1110001110010100111000111000101111110101111110100011100011100101001110001110001011111101011111101000111000111001010
1101010110111110110101011001110000001010000001110011010101101111101101010110011100000010100000011100110101011011111
1000100010010100100010001011011111110101111111011010001000100101001000100010110111111101011111110110100010001001010
1101010110111110110101011001110000001010000001110011010101101111101101010110011100000010100000011100110101011011111
1110001110010100111000111000101111110101111110100011100011100101001110001110001011111101011111101000111000111001010
1111011110000000111101111000000111010101011100000011110111100000001111011110000001110101010111000000111101111000000
1111111111111111111111111000010010110101101001000011111111111111111111111110000100101101011010010000111111111111111
1000000011110111100000001000001101110101110110000010000000111101111000000010000011011101011101100000100000001111011
1001010011100011100101001000001100110101100110000010010100111000111001010010000011001101011001100000100101001110001
1011111011010101101111101011110010010101001001111010111110110101011011111010111100100101010010011110101111101101010
1001010010001000100101001001110000001110000001110010010100100010001001010010011100000011100000011100100101001000100
1011111011010101101111101010110000011011000001101010111110110101011011111010101100000110110000011010101111101101010
1001010011100011100101001011010000001110000001011010010100111000111001010010110100000011100000010110100101001110001
1000000011110111100000001000000000000100000000000010000000111101111000000010000000000001000000000000100000001111011
1111111111111111111111111111111111111111111111111111111111111111111111111111111111111111111111111111111111111111111
