1001000101100000000011100011100000000011010001001001000101100000000011100011100000000011010001001001000101100000000
1101001101100000101111111111111010000011011001011101001101100000101111111111111010000011011001011101001101100000101
1101101110000001111000001000001111000000111011011101101110000001111000001000001111000000111011011101101110000001111
0010001111100000110000001000000110000011111000100010001111100000110000001000000110000011111000100010001111100000110
1110001111000001111000011100001111000001111000111110001111000001111000011100001111000001111000111110001111000001111
1100010000000001010000111110000101000000000100011100010000000001010000111110000101000000000100011100010000000001010
1000100100001010000001111111000000101000010010001000100100001010000001111111000000101000010010001000100100001010000
1001001100011111000011111111100001111100011001001001001100011111000011111111100001111100011001001001001100011111000
1010011100111111000111111111110001111110011100101010011100111111000111111111110001111110011100101010011100111111000
1111111001000010001111111111111000100001001111111111111001000010001111111111111000100001001111111111111001000010001
1111110011111100011100101010011100011111100111111111110011111100011100101010011100011111100111111111110011111100011
1111100011111100011001001001001100011111100011111111100011111100011001001001001100011111100011111111100011111100011
1111000001010000010010001000100100000101000001111111000001010000010010001000100100000101000001111111000001010000010
1110001010000000000100011100010000000000101000111110001010000000000100011100010000000000101000111110001010000000000
1100011110000001111000111110001111000000111100011100011110000001111000111110001111000000111100011100011110000001111
1000001100000011111000100010001111100000011000001000001100000011111000100010001111100000011000001000001100000011111
1000011110000000111011011101101110000000111100001000011110000000111011011101101110000000111100001000011110000000111
1111110100000011011001011101001101100000010111111111110100000011011001011101001101100000010111111111110100000011011
0011100000000011010001001001000101100000000011100011100000000011010001001001000101100000000011100011100000000011010
