0001111111000000000001111111000001111111000000000001111111000
0011101110010000000100111011100011101110010000000100111011100
0110110100011000001100010110110110110100011000001100010110110
1100011000011100011100001100011100011000011100011100001100011
1001110000011110111100000111001001110000011110111100000111001
1000100111101110111011110010001000100111101110111011110010001
1000000011110110110111100000001000000011110110110111100000001
1100001001111010101111001000011100001001111010101111001000011
0110011100111101011110011100110110011100111101011110011100110
0011110111000011100001110111100011110111000011100001110111100
0110011100111101011110011100110110011100111101011110011100110
1100001001111010101111001000011100001001111010101111001000011
1000000011110110110111100000001000000011110110110111100000001
1000100111101110111011110010001000100111101110111011110010001
1001110000011110111100000111001001110000011110111100000111001
1100011000011100011100001100011100011000011100011100001100011
0110110100011000001100010110110110110100011000001100010110110
0011101110010000000100111011100011101110010000000100111011100
0001111111000000000001111111000001111111000000000001111111000
0011101110010000000100111011100011101110010000000100111011100
0110110100011000001100010110110110110100011000001100010110110
1100011000011100011100001100011100011000011100011100001100011
1001110000011110111100000111001001110000011110111100000111001
1000100111101110111011110010001000100111101110111011110010001
1000000011110110110111100000001000000011110110110111100000001
1100001001111010101111001000011100001001111010101111001000011
0110011100111101011110011100110110011100111101011110011100110
0011110111000011100001110111100011110111000011100001110111100
0110011100111101011110011100110110011100111101011110011100110
1100001001111010101111001000011100001001111010101111001000011
1000000011110110110111100000001000000011110110110111100000001
1000100111101110111011110010001000100111101110111011110010001
1001110000011110111100000111001001110000011110111100000111001
1100011000011100011100001100011100011000011100011100001100011
0110110100011000001100010110110110110100011000001100010110110
0011101110010000000100111011100011101110010000000100111011100
0001111111000000000001111111000001111111000000000001111111000
0011101110010000000100111011100011101110010000000100111011100
0110110100011000001100010110110110110100011000001100010110110
1100011000011100011100001100011100011000011100011100001100011
1001110000011110111100000111001001110000011110111100000111001
1000100111101110111011110010001000100111101110111011110010001
1000000011110110110111100000001000000011110110110111100000001
1100001001111010101111001000011100001001111010101111001000011
0110011100111101011110011100110110011100111101011110011100110
0011110111000011100001110111100011110111000011100001110111100
0110011100111101011110011100110110011100111101011110011100110
1100001001111010101111001000011100001001111010101111001000011
1000000011110110110111100000001000000011110110110111100000001
1000100111101110111011110010001000100111101110111011110010001
1001110000011110111100000111001001110000011110111100000111001
1100011000011100011100001100011100011000011100011100001100011
0110110100011000001100010110110110110100011000001100010110110
0011101110010000000100111011100011101110010000000100111011100
0001111111000000000001111111000001111111000000000001111111000
