1001000000000010101010000000001000000000101010100000000001001
0110111000100101101100000000011100000000011011010000001110110
0110101011011011101110000000110110000000111011101101101010110
1001101101011000010000000010011100100000000100001101011011001
0111100001100011101110000111001001110000111011100011000011110
0100010001111001101100001111101011111000011011001111000100010
0111001010001010101010011101111111011100101010101000101001110
0001000100111000000000111000111110001110000000001110010001000
0010001010100000000000011100011100011100000000000010101000100
0011110001000101000000001110001000111000000001010001000111100
0000110110100110000000000000011100000000000000110010110110000
0011010100010111000000000000111110000000000001110100010101100
0011011100001000000000000001110111000000000000001000011101100
0100000001110100100000000011100011100000000010010111000000010
1010101000110011000000000111000001110000000001100110001010101
0110110001010011000000001110000000111000000001100101000110110
1110111000000100111111111111111111111111111110010000001110111
0001000000000000111111111111111111111111111110000000000001000
1110111000000000111111111111111111111111111110000000001110111
0110110000000000111000111000000000001110001110000000000110110
1010101000000000111000110000000000000110001110000000001010101
0000000000000000111000100100000000010010001110000000000000000
0000000100000000111111000110000000110001111110000000010000000
0000001110000000111110000111000001110000111110000000111000000
0000011111000001111100000111100011110000011111000001111100000
0000111011000011111001111111110111111111001111100001101110000
0001110001000111111000111101111111011110001111110001000111000
0000111000001110111000011000111110001100001110111000001110000
0010011100011100111000001101111111011000001110011100011100100
0111001110111000111000000111110111110000001110001110111001110
1101111111110000111000000011100011100000001110000111111111011
0111001110111000111000000111110111110000001110001110111001110
0010011100011100111000001101111111011000001110011100011100100
0000111000001110111000011000111110001100001110111000001110000
0001110001000111111000111101111111011110001111110001000111000
0000111011000011111001111111110111111111001111100001101110000
0000011111000001111100000111100011110000011111000001111100000
0000001110000000111110000111000001110000111110000000111000000
0000000100000000111111000110000000110001111110000000010000000
0000000000000000111000100100000000010010001110000000000000000
1010101000000000111000110000000000000110001110000000001010101
0110110000000000111000111000000000001110001110000000000110110
1110111000000000111111111111111111111111111110000000001110111
0001000000000000111111111111111111111111111110000000000001000
1110111000000100111111111111111111111111111110010000001110111
0110110001010011000000001110000000111000000001100101000110110
1010101000110011000000000111000001110000000001100110001010101
0100000001110100100000000011100011100000000010010111000000010
0011011100001000000000000001110111000000000000001000011101100
0011010100010111000000000000111110000000000001110100010101100
0000110110100110000000000000011100000000000000110010110110000
0011110001000101000000001110001000111000000001010001000111100
0010001010100000000000011100011100011100000000000010101000100
0001000100111000000000111000111110001110000000001110010001000
0111001010001010101010011101111111011100101010101000101001110
0100010001111001101100001111101011111000011011001111000100010
0111100001100011101110000111001001110000111011100011000011110
1001101101011000010000000010011100100000000100001101011011001
0110101011011011101110000000110110000000111011101101101010110
0110111000000101101100000000011100000000011011010000001110110
1001000000000010101010000000001000000000101010100000000001001
