0101010101100000111111110111111110000011010101010101010101100000111111110111111110000011010101010101010101100000111
0011011000110001100000001000000011000110001101100011011000110001100000001000000011000110001101100011011000110001100
0111011100011011000000011100000001101100011101110111011100011011000000011100000001101100011101110111011100011011000
1000100000000110010100011100010100110000000010001000100000000110010100011100010100110000000010001000100000000110010
0101011100001100001100101010011000011000011101010101011100001100001100101010011000011000011101010101011100001100001
1010011000011000011101010101011100001100001100101010011000011000011101010101011100001100001100101010011000011000011
1100010100110000000010001000100000000110010100011100010100110000000010001000100000000110010100011100010100110000000
1100000001101100011101110111011100011011000000011100000001101100011101110111011100011011000000011100000001101100011
1000000011000110001101100011011000110001100000001000000011000110001101100011011000110001100000001000000011000110001
0111111110000011010101010101010101100000111111110111111110000011010101010101010101100000111111110111111110000011010
