000000010
010011011
100110100
110101010
110010110
010101100
001000000
110111010
010011100
000000000
010000000
110110010
001011001
010101011
011010011
001101010
000000100
010111011
001110010
000000000
000000010
010011011
100110100
110101010
110010110
010101100
001000000
110111010
010011100
000000000
010000000
110110010
001011001
010101011
011010011
001101010
000000100
010111011
001110010
000000000
000000010
010011011
100110100
110101010
110010110
010101100
001000000
110111010
010011100
000000000
010000000
110110010
001011001
010101011
011010011
001101010
000000100
010111011
001110010
000000000
000000010
010011011
100110100
110101010
110010110
010101100
001000000
110111010
010011100
000000000
010000000
110110010
001011001
010101011
011010011
001101010
000000100
010111011
001110010
000000000
000000010
010011011
100110100
110101010
110010110
010101100
001000000
110111010
010011100
000000000
010000000
110110010
001011001
010101011
011010011
001101010
000000100
010111011
001110010
000000000
000000010
010011011
100110100
110101010
110010110
010101100
001000000
110111010
010011100
000000000
010000000
110110010
001011001
010101011
011010011
001101010
000000100
010111011
001110010
000000000
000000010
010011011
100110100
110101010
110010110
010101100
001000000
110111010
