1111011111000000000000001101100001000011011000000000000001111101111111011111000000000000001101100001000011011000000
1110100000100000010100001101100011100011011000010100000010000010111110100000100000010100001101100011100011011000010
1101011111010000110110000010000111110000100000110110000101111101011101011111010000110110000010000111110000100000110
1010111111101000111000001101000011100001011000001110001011111110101010111111101000111000001101000011100001011000001
0100000000110100111110001100100001000010011000111110010110000000010100000000110100111110001100100001000010011000111
1011111111011010111100000000011001001100000000011110101101111111101011111111011010111100000000011001001100000000011
1000000000101101000000000000111101011110000000000001011010000000001000000000101101000000000000111101011110000000000
1000000000010110100000000001110111110111000000000010110100000000001000000000010110100000000001110111110111000000000
1000000000001011010000000011100011100011100000000101101000000000001000000000001011010000000011100011100011100000000
1100000000000101101000000001100001000011000000001011010000000000011100000000000101101000000001100001000011000000001
1110000000000010110100000000110001000110000000010110100000000000111110000000000010110100000000110001000110000000010
1100000000000010110100000000010001000100000000010110100000000000011100000000000010110100000000010001000100000000010
1000000000000010110100000000000001000000000000010110100000000000001000000000000010110100000000000001000000000000010
1000000000000010110100000000000001000000000000010110100000000000001000000000000010110100000000000001000000000000010
1000100000000010110100000000000011100000000000010110100000000010001000100000000010110100000000000011100000000000010
1000110000000010110100000000000111110000000000010110100000000110001000110000000010110100000000000111110000000000010
1000011000000001011010000000000011100000000000101101000000001100001000011000000001011010000000000011100000000000101
1100011100000000101101000000000001000000000001011010000000011100011100011100000000101101000000000001000000000001011
1110111000000000010110100000000001000000000010110100000000001110111110111000000000010110100000000001000000000010110
1011110000000000001011010000000001000000000101101000000000000111101011110000000000001011010000000001000000000101101
1001100000000011110101101111111101011111111011010111100000000011001001100000000011110101101111111101011111111011010
1000010011000111110010110000000010100000000110100111110001100100001000010011000111110010110000000010100000000110100
1100001011000001110001011111110101010111111101000111000001101000011100001011000001110001011111110101010111111101000
1110000100000110110000101111101011101011111010000110110000010000111110000100000110110000101111101011101011111010000
1100011011000010100000010000010111110100000100000010100001101100011100011011000010100000010000010111110100000100000
1000011011000000000000001111101111111011111000000000000001101100001000011011000000000000001111101111111011111000000
