0010000100111001000010000000000001000000000001000010011100100001000000000000100000000000100001001110010000100000000
1101001110010011100101100000000010100000000110100111001001110010110000000001010000000011010011100100111001011000000
0011011111010111110110000011000100010001100001101111101011111011000001100010001000110000110111110101111101100000110
0011001110010011100110000100100010100010010001100111001001110011000010010001010001001000110011100100111001100001001
0111100100010001001111000100010010100100010011110010001000100111100010001001010010001001111001000100010011110001000
1111110010010010011111100010010001000100100111111001001001001111110001001000100010010011111100100100100111111000100
1111111001010100111111100001011111111101000111111100101010011111110000101111111110100011111110010101001111111000010
0111111100111001111111000000100000000010000011111110011100111111100000010000000001000001111111001110011111110000001
0101000110010011000101000001011111111101000010100011001001100010100000101111111110100001010001100100110001010000010
0101000011010110000101000010100000000010100010100001101011000010100001010000000001010001010000110101100001010000101
1010100001111100001010100001111111111111000101010000111110000101010000111111111111100010101000011111000010101000011
