111111101111111000010000111111101111111
100000101000001000101000100000101000001
101110101011101001010100101110101011101
101010101010101000101000101010101010101
101110111111101000010000101110111111101
100010100000001000101000100010100000001
111110111111111001010100111110111111111
000010101010000010101010000010101010000
111111111011111111111101111111111011111
100000001010000000000010100000001010001
101111111011111111111111011111111011101
101010101010101000000000101010101010101
101110101011010010000010010110101011101
100000101010100011000110001010101000001
111111101101000011101110000110101111111
000000001010000011101110000010100000000
000000010110111101101101111010110000000
001000101010011110101011110010101000100
010101011010001111010111100010110101010
101010101010000000111000000010101010101
010101011010001111010111100010110101010
001000101010011110101011110010101000100
000000011010111101101101111011010000000
000000001010000011101110000010100000000
111111101011000011101110000101101111111
100000101010100011000110001010101000001
101110101011010010000010010110101011101
101010101010101000000000101010101010101
101110111111110111111111111110111111101
100010100000001010000000000010100000001
111110111111111101111111111110111111111
000010101010000010101010000010101010000
111111111011111001010100111111111011111
100000001010001000101000100000001010001
101111111011101000010000101111111011101
101010101010101000101000101010101010101
101110101011101001010100101110101011101
100000101000001000101000100000101000001
111111101111111000010000111111101111111
