0011111110100100101111111000111111101001001011111110001111111010010010111111100011111110100100101111111000111111101
0110001100110101100110001101100011001101011001100011011000110011010110011000110110001100110101100110001101100011001
1100000000111011100000000111000000001110111000000001110000000011101110000000011100000000111011100000000111000000001
1000000111011011011100000010000001110110110111000000100000011101101101110000001000000111011011011100000010000001110
1100010011101010111001000111000100111010101110010001110001001110101011100100011100010011101010111001000111000100111
0110111001110101110011101101101110011101011100111011011011100111010111001110110110111001110101110011101101101110011
0011101110001110001110111000111011100011100011101110001110111000111000111011100011101110001110001110111000111011100
0110111001110101110011101101101110011101011100111011011011100111010111001110110110111001110101110011101101101110011
1100010011101010111001000111000100111010101110010001110001001110101011100100011100010011101010111001000111000100111
1000000111011011011100000010000001110110110111000000100000011101101101110000001000000111011011011100000010000001110
1100000000111011100000000111000000001110111000000001110000000011101110000000011100000000111011100000000111000000001
0110001100110101100110001101100011001101011001100011011000110011010110011000110110001100110101100110001101100011001
0011111110100100101111111000111111101001001011111110001111111010010010111111100011111110100100101111111000111111101
