0000011011000000111000100000100000100011100000100010000011100010000010000010001110000001101100000011100010000010000
0000111011100000110001110001110001110001100000110110000011000111000111000111000110000011101110000011000111000111000
0001011011010000100011011011011011011000100000110110000010001101101101101101100010000101101101000010001101101101101
0011101010111001000110001110001110001100010111010101110100011000111000111000110001001110101011100100011000111000111
1011110101111011101100011011011011000110111011101011101110110001101101101100011011101111010111101110110001101101101
1100001110000111111000110001110001100011111100011100011111100011000111000110001111110000111000011111100011000111000
1011110101111011101100011011011011000110111011101011101110110001101101101100011011101111010111101110110001101101101
0011101010111001000110001110001110001100010111010101110100011000111000111000110001001110101011100100011000111000111
0001011011010000100011011011011011011000100000110110000010001101101101101101100010000101101101000010001101101101101
0000111011100000110001110001110001110001100000110110000011000111000111000111000110000011101110000011000111000111000
0000011011000000111000100000100000100011100000100010000011100010000010000010001110000001101100000011100010000010000
