100000000010000001000001000000100000000010000000001000000100000100000010000000001000000000100000010000010000001000
110000001101000011100011100001011000000111000000110100001110001110000101100000011100000011010000111000111000010110
111000000011000111110111110001100000001111100000001100011111011111000110000000111110000000110001111101111100011000
110000000011011111110111111101100000000111000000001101111111011111110110000000011100000000110111111101111111011000
100100000111010101010101010101110000010010010000011101010101010101010111000001001001000001110101010101010101011100
101110001111110101010101010111111000111010111000111111010101010101011111100011101011100011111101010101010101111110
111111011111110101010101010111111101111111111101111111010101010101011111110111111111110111111101010101010101111111
101110011111100101010101010011111100111010111001111110010101010101001111110011101011100111111001010101010100111111
100100001111110001010101000111111000010010010000111111000101010100011111100001001001000011111100010101010001111110
100000000101011000010100001101010000000010000000010101100001010000110101000000001000000001010110000101000011010100
110000000101001101000001011001010000000111000000010100110100000101100101000000011100000001010011010000010110010100
111000000101000111000001110001010000001111100000010100011100000111000101000000111110000001010001110000011100010100
111100001010100010000000100010101000011111110000101010001000000010001010100001111111000010101000100000001000101010
