1011110011110000000000100010001000100010000000000111100111101
0001001010001000000001000001010101000101000000001000101001000
1000001001000100000010001000100010001000100000010001001000001
1101111000100010000100010100010100010100010000100010001111011
1001000000100010001000100010001000100010001000100010000001001
1001000000100010001001000101000001010001001000100010000001001
0111001111000010001001001000100010001001001000100001111001110
0000001000000010001001010001010001000101001000100000001000000
1100001000000100001000100010001000100010001000010000001000011
1010001001111000010100011100010100011100010100001111001000101
1001110001000000100010000000100010000000100010000001000111001
1000000001000001010101000001000001000001010101000001000000001
0100000001000010001000111110000000111110001000100001000000010
0010000010000101010101000000000000000001010101010000100000100
0001111100001000100010000000000000000000100010001000011111000
0000000000010101010100000000000000000000010101010100000000000
0000000000100010001000011111000001111100001000100010000000000
0000000001010101010000100000100010000010000101010101000000000
0000111110001000100001000000010100000001000010001000111110000
0001000001010101000001000000001000000001000001010101000001000
0010000000100010000001000111001001110001000000100010000000100
0100011100010100001111001000101010001001111000010100011100010
1000100010001000010000001000011100001000000100001000100010001
0101000101001000100000001000000000001000000010001001010001000
0010001001001000100001111001110111001111000010001001001000100
0001010001001000100010000001001001000000100010001001000101000
1000100010001000100010000001001001000000100010001000100010001
0100010100010000100010001111011101111000100010000100010100010
0010001000100000010001001000001000001001000100000010001000100
0101000001000000001000101001000001001010001000000001010001010
1000100010000000000111100111101011110011110000000000100010001
0101000101000000001000101001000001001010001000000001000001010
0010001000100000010001001000001000001001000100000010001000100
0100010100010000100010001111011101111000100010000100010100010
1000100010001000100010000001001001000000100010001000100010001
0001010001001000100010000001001001000000100010001001000101000
0010001001001000100001111001110111001111000010001001001000100
0001000101001000100000001000000000001000000010001001010001010
1000100010001000010000001000011100001000000100001000100010001
0100011100010100001111001000101010001001111000010100011100010
0010000000100010000001000111001001110001000000100010000000100
0001000001010101000001000000001000000001000001010101000001000
0000111110001000100001000000010100000001000010001000111110000
0000000001010101010000100000100010000010000101010101000000000
0000000000100010001000011111000001111100001000100010000000000
0000000000010101010100000000000000000000010101010100000000000
0001111100001000100010000000000000000000100010001000011111000
0010000010000101010101000000000000000001010101010000100000100
0100000001000010001000111110000000111110001000100001000000010
1000000001000001010101000001000001000001010101000001000000001
1001110001000000100010000000100010000000100010000001000111001
1010001001111000010100011100010100011100010100001111001000101
1100001000000100001000100010001000100010001000010000001000011
0000001000000010001001010001000101000101001000100000001000000
0111001111000010001001001000100010001001001000100001111001110
1001000000100010001001000101000001010001001000100010000001001
1001000000100010001000100010001000100010001000100010000001001
1101111000100010000100010100010100010100010000100010001111011
1000001001000100000010001000100010001000100000010001001000001
0001001010001000000001010001010101000001000000001000101001000
1011110011110000000000100010001000100010000000000111100111101
