00111111000111101000100000100010111100011111100
01100101101001000100010001000100010010110100110
11010110111110000010001010001000001111101101011
10110111110000000001000100010000000001111101101
10001011000000000000100010100000000000111010001
11110100000000000000010001000000000000000101111
10111010011110000000101000100000001111001011101
11011001010010000001000100010000001001010011011
01111000110010000010001010001000001001100001110
00110011111110000100010001000100001111111001100
01100010010010001000100000100010001001001000110
10100010010010001000100000100010001001001000101
10100011111110001000100000100010001111111000101
11000000000000001000100000100010000000000000011
10000000000000001000100000100010000000000000001
00000000000000001000100000100010000000000000000
10000000001111111000111111111111111110000000001
01000000010000001000100000000000000001000000010
00100000100000001000100000000000000000100000100
00010001000000001000100000000000000000010001000
10001010001111111000111111111111111110001010001
01000100010000001000100000100010000001000100010
00101000100000001000100000100010000000101000100
00010001000000001000100000100010000000010001000
00100010100000001000100000100010000000100010100
01000100010000001000100000100010000001000100010
10001010001111111111111111100011111110001010001
00010001000000000000000000100010000000010001000
00100000100000000000000000100010000000100000100
01000000010000000000000000100010000001000000010
10000000001111111111111111100011111110000000001
00000000000000001000100000100010000000000000000
10000000000000001000100000100010000000000000001
11000000000000001000100000100010000000000000011
10100011111110001000100000100010001111111000101
10100010010010001000100000100010001001001000101
01100010010010001000100000100010001001001000110
00110011111110000100010001000100001111111001100
01110000110010000010001010001000001001100011110
11011001010010000001000100010000001001010011011
10111010011110000000100010100000001111001011101
11110100000000000000010001000000000000000101111
10001011100000000000101000100000000000011010001
10110111110000000001000100010000000001111101101
11010110111110000010001010001000001111101101011
01100101101001000100010001000100010010110100110
00111111000111101000100000100010111100011111100
