1000000101000000111011111110111000000101000000100000010100000011101111111011100000010100000010000001010000001110111
1101001101100001001110111011100100001101100101110100110110000100111011101110010000110110010111010011011000010011101
1101100010000010110100010001011010000010001101110110001000001011010001000101101000001000110111011000100000101101000
0010001101100010110100010001011010001101100010001000110110001011010001000101101000110110001000100011011000101101000
1110000101000111001001010100100111000101000011111000010100011100100101010010011100010100001111100001010001110010010
1101100010011101110011111110011101110010001101110110001001110111001111111001110111001000110111011000100111011100111
1011110010100111000000010000000111001010011110101111001010011100000001000000011100101001111010111100101001110000000
1011110001011010000111111111000010110100011110101111000101101000011111111100001011010001111010111100010110100001111
1111100001011010001111010111100010110100001111111110000101101000111101011110001011010000111111111000010110100011110
1000000011100101001111010111100101001110000000100000001110010100111101011110010100111000000010000000111001010011110
1111001110111001000110111011000100111011100111111100111011100100011011101100010011101110011111110011101110010001101
1010010011100010100001111100001010001110010010101001001110001010000111110000101000111001001010100100111000101000011
1000101101000110110001000100011011000101101000100010110100011011000100010001101100010110100010001011010001101100010
1000101101000001000110111011000100000101101000100010110100000100011011101100010000010110100010001011010000010001101
1101110010000110110010111010011011000010011101110111001000011011001011101001101100001001110111011100100001101100101
1111011100000010100000010000001010000001110111111101110000001010000001000000101000000111011111110111000000101000000
