0000000000000000000000011100000000000000000000000
0000000011100000000000100010000000000011100000000
0111000100010000001100100010011000000100010001110
1000100100001000010010101010100100001000010010001
1000100100001000010001010101000100001000010010001
0100101000001000010010100010100100001000001010010
1001010001110000001010100010101000000111000101001
1011010010000001110101000001010111000000100101101
1100001100000010001010100010101000100000011000011
0011100011100010000100010100010000100011100011100
0100101100010010000100010100010000100100011010010
0100101000010001100010101010100011000100001010010
0111010010010000011000010100001100000100100101110
0100011101100001100110100010110011000011011100010
0010000000000001001001000001001001000000000000100
0010000000000000110000100010000110000000000000100
0001100011111100000000100010000000011111100011000
0110011110000111000000010100000001110000111100110
1000110000000000100000001000000010000000000110001
0001100000000100100000001000000010010000000011000
0001000000000110010000001000000100110000000001000
0010000011110111010000001000000101110111100000100
0010000100001000001000001000001000001000010000100
0100001001110100001000001000001000010111001000010
0100010010010100000100001000010000010100100100010
0100010100010100000100001000010000010100010100010
0100001000100100000010010100100000010010001000010
0010001001001000000010010100100000001001001000100
0010001110010000000001001001000000000100111000100
0001110001100000000001001001000000000011000111000
0000001100011111100000101010000011111100011000000
0000000010010000010111110111110100000100100000000
0000100010100000011000100010001100000010100010000
0001100110100000010111010101110100000010110011000
0011011000100000101100001000011010000010001101100
0110101000100000010010010100100100000010001010110
1101010110100000011100100010011100000010110101011
0010101100011000110001000001000110001100011010100
0011011000000101000010100010100001010000001101100
0000110001100010100001010101000010100011000110000
0000100010010010010000101010000100100100100010000
0000010010000100001111010101111000010000100100000
0000000001111000000000101010000000001111000000000
0000000000000000000011000001100000000000000000000
0000000000000000000100000000010000000000000000000
0000000000000000000011111111100000000000000000000
