0010001000100010001000100010001000100010001000100010001000100010001000100010001000100010001000100010001000100010001
0101000101010100010101010001010101000101010100010101010001010101000101010100010101010001010101000101010100010101010
1000100010001000100010001000100010001000100010001000100010001000100010001000100010001000100010001000100010001000100
0000010000000001000000000100000000010000000001000000000100000000010000000001000000000100000000010000000001000000000
0010001000100010001000100010001000100010001000100010001000100010001000100010001000100010001000100010001000100010001
0101000101010100010101010001010101000101010100010101010001010101000101010100010101010001010101000101010100010101010
1000100010001000100010001000100010001000100010001000100010001000100010001000100010001000100010001000100010001000100
0101000101010100010101010001010101000101010100010101010001010101000101010100010101010001010101000101010100010101010
0010001000100010001000100010001000100010001000100010001000100010001000100010001000100010001000100010001000100010001
0101000101010100010101010001010101000101010100010101010001010101000101010100010101010001010101000101010100010101010
1000100010001000100010001000100010001000100010001000100010001000100010001000100010001000100010001000100010001000100
0101000101010100010101010001010101000101010100010101010001010101000101010100010101010001010101000101010100010101010
0010001000100010001000100010001000100010001000100010001000100010001000100010001000100010001000100010001000100010001
0000010000000001000000000100000000010000000001000000000100000000010000000001000000000100000000010000000001000000000
1000100010001000100010001000100010001000100010001000100010001000100010001000100010001000100010001000100010001000100
0101000101010100010101010001010101000101010100010101010001010101000101010100010101010001010101000101010100010101010
0010001000100010001000100010001000100010001000100010001000100010001000100010001000100010001000100010001000100010001
