0000000000000000001000000000000000000000000000000000001000000000000000000000000000000000001000000000000000000000000
1000000001111100011100011111000000001000000001111100011100011111000000001000000001111100011100011111000000001000000
1011000010011110011100111100100001101011000010011110011100111100100001101011000010011110011100111100100001101011000
0111000000001111011101111000000001110111000000001111011101111000000001110111000000001111011101111000000001110111000
1010110000001111010101111000000110101010110000001111010101111000000110101010110000001111010101111000000110101010110
1101111000000111010101110000001111011101111000000111010101110000001111011101111000000111010101110000001111011101111
1011111001111010110110101111001111101011111001111010110110101111001111101011111001111010110110101111001111101011111
0101110011111100110110011111100111010101110011111100110110011111100111010101110011111100110110011111100111010101110
1110101010011110110110111100101010111110101010011110110110111100101010111110101010011110110110111100101010111110101
1111011010001110110110111000101101111111011010001110110110111000101101111111011010001110110110111000101101111111011
1110111001001110110110111001001110111110111001001110110110111001001110111110111001001110110110111001001110111110111
0101010000001110110110111000000101010101010000001110110110111000000101010101010000001110110110111000000101010101010
1011100000001110110110111000000011101011100000001110110110111000000011101011100000001110110110111000000011101011100
1101100000000111010101110000000011011101100000000111010101110000000011011101100000000111010101110000000011011101100
1100000010000011101011100000100000011100000010000011101011100000100000011100000010000011101011100000100000011100000
1000000111000000001000000001110000001000000111000000001000000001110000001000000111000000001000000001110000001000000
0100001001000000011100000001001000010100001001000000011100000001001000010100001001000000011100000001001000010100001
0110011100011000011100001100011100110110011100011000011100001100011100110110011100011000011100001100011100110110011
0010011000111100010100011110001100100010011000111100010100011110001100100010011000111100010100011110001100100010011
1011010001100110010100110011000101101011010001100110010100110011000101101011010001100110010100110011000101101011010
1101100001000010100010100001000011011101100001000010100010100001000011011101100001000010100010100001000011011101100
1101100001100100100010010011000011011101100001100100100010010011000011011101100001100100100010010011000011011101100
0011000100110000110110000110010001100011000100110000110110000110010001100011000100110000110110000110010001100011000
1100001110011000011100001100111000011100001110011000011100001100111000011100001110011000011100001100111000011100001
0110011011001111101011111001101100110110011011001111101011111001101100110110011011001111101011111001101100110110011
0011110001100000010100000011000111100011110001100000010100000011000111100011110001100000010100000011000111100011110
0001100000111111100011111110000011000001100000111111100011111110000011000001100000111111100011111110000011000001100
