1100000000001010101010101000000000011100000000001010101010101000000000011
1011110000010110101010110100000111101011110000010110101010110100000111101
0101111000101110101010111010001111010101111000101110101010111010001111010
0110111101010000101010000101011110110110111101010000101010000101011110110
0111000010110111010101110110100001110111000010110111010101110110100001110
0111000101110110100010110111010001110111000101110110100010110111010001110
0011001010000101000001010000101001100011001010000101000001010000101001100
0001010110111010000000101110110101000001010110111010000000101110110101000
0000101110110100000000010110111010000000101110110100000000010110111010000
0001010000101000000000001010000101000001010000101000000000001010000101000
0010110111010000000000000101110110100010110111010000000000000101110110100
0101110110100001000000000010110111010101110110100001000001000010110111010
1010000101000011100000000001010000101010000101000110100011100001010000101
0110111010001110100000000000101110110110111010000001100111110000101110110
1110110100000001100000000000010110111110110100000001101111111000010110111
0000101000000001110000000000001010000000101000000011101010101000001010000
1111010000000001111000001000000101111111010000000111111010101000000101111
0000100000000011111111111100000010000000100000001110111010101000000010000
1111000000000111100000001110000001111111000000001100011010101000000001111
0000100000000111111111111111000010000000100000001110110010101000000010000
1111010000000111110001111000000101111111010000000111111000101000000101111
0000101000000111111111110000001010000000101000000010101100001000001010000
1110110100000011111111000000010110111110110100000010100110100000010110111
0110111010000001111110000000101110110110111010000010100011100000101110110
1010000101000000010100000001010000101010000101000101010000000001010000101
0101110110100000010100000010110111010101110110100000000000000010110111010
0010110111010000010100000101110110100010110111010000000000000101110110100
0001010000101000101010001010000101000001010000101000000000001010000101000
0000101110110100000000010110111010000000101110110100000000010110111010000
0001010110111010000000101110110101000001010110111010000000101110110101000
0011001010000101000001010000101001100011001010000101000001010000101001100
0111000101110110100010110111010001110111000101110110100010110111010001110
0111000010110111010101110110100001110111000010110111010101110110100001110
0110111101010000101010000101011110110110111101010000101010000101011110110
0101111000101110101010111010001111010101111000101110101010111010001111010
1011110000010110101010110100000111101011110000010110101010110100000111101
1100000000001010101010101000000000011100000000001010101010101000000000011
1011110000010110101010110100000111101011110000010110101010110100000111101
0101111000101110101010111010001111010101111000101110101010111010001111010
0110111101010000101010000101011110110110111101010000101010000101011110110
0111000010110111010101110110100001110111000010110111010101110110100001110
0111000101110110100010110111010001110111000101110110100010110111010001110
0011001010000101000001010000101001100011001010000101000001010000101001100
0001010110111010000000101110110101000001010110111010000000101110110101000
0000101110110100000000010110111010000000101110110100000000010110111010000
0001010000101000000000001010000101000001010000101000000000001010000101000
0010110111010000000000000101110110100010110111010000000000000101110110100
0101110110100001000001000010110111010101110110100001000000000010110111010
1010000101000110100011100001010000101010000101000011100000000001010000101
0110111010000001100111110000101110110110111010001110100000000000101110110
1110110100000001101111111000010110111110110100000001100000000000010110111
0000101000000011101010101000001010000000101000000001110000000000001010000
1111010000000111111010101000000101111111010000000001111000001000000101111
0000100000001110111010101000000010000000100000000011111111111100000010000
1111000000001100011010101000000001111111000000000111100000001110000001111
0000100000001110110010101000000010000000100000000111111111111111000010000
1111010000000111111000101000000101111111010000000111110001111000000101111
0000101000000010101100001000001010000000101000000111111111110000001010000
1110110100000010100110100000010110111110110100000011111111000000010110111
0110111010000010100011100000101110110110111010000001111110000000101110110
1010000101000101010000000001010000101010000101000000010100000001010000101
0101110110100000000000000010110111010101110110100000010100000010110111010
0010110111010000000000000101110110100010110111010000010100000101110110100
0001010000101000000000001010000101000001010000101000101010001010000101000
0000101110110100000000010110111010000000101110110100000000010110111010000
0001010110111010000000101110110101000001010110111010000000101110110101000
0011001010000101000001010000101001100011001010000101000001010000101001100
0111000101110110100010110111010001110111000101110110100010110111010001110
0111000010110111010101110110100001110111000010110111010101110110100001110
0110111101010000101010000101011110110110111101010000101010000101011110110
0101111000101110101010111010001111010101111000101110101010111010001111010
1011110000010110101010110100000111101011110000010110101010110100000111101
1100000000001010101010101000000000011100000000001010101010101000000000011
