1101100011000100000111000001110000010001100011011
1001010100101000000111100011110000001010010101001
0001001000010000000011110111100000000100001001000
1111111111110000000000001111000000000111111111111
1001000000100000111111111110111110000010000001001
0101011011000001111111111101111111000001101101010
0011011011000011111111111011111111100001101101100
0101000100000111000000000000000001110000010001010
1001011000001110000000001000000000111000001101001
1001011000011100000000010100000000011100001101001
0101100000111000000000100010000000001110000011010
0011000001110000001111000001111000000111000001100
0100000011100000010000100010000100000011100000010
1000000111000000100000010100000010000001110000001
0000001110000000100000001000000010000000111000000
0000011100000000100111101011110010000000011100000
0000111000000111101000011100001011110000001110000
0000111000001000001000001000001000001000001110000
0000111000010000111001101011001110000100001110000
1100111000010001000010011100100001000100001110011
1110111000010001000110001000110001000100001110111
1111011000010001001000001000001001000100001110111
0111101000101001001000010100001001001010001110110
0011110001000100100100100010010010010001001110100
0001111010000011111111000001111111100000101111000
0010111001000100100100100010010010010001000111100
0110111000101001001000010100001001001010001011110
1110111000010001001000001000001001000100001101111
1110111000010001000110001000110001000100001110111
1100111000010001000010011100100001000100001110011
0000111000010000111001101011001110000100001110000
0000111000001000001000001000001000001000001110000
0000111000000111101000011100001011110000001110000
0000011100000000100111101011110010000000011100000
0000001110000000100000001000000010000000111000000
1000000111000000100000010100000010000001110000001
0100000011100000010000100010000100000011100000010
0011000001110000001111000001111000000111000001100
0101100000111000000000100010000000001110000011010
1001011000011100000000010100000000011100001101001
1001011000001110000000001000000000111000001101001
0101000100000111000000000000000001110000010001010
0011011011000011111111101111111111100001101101100
0101011011000001111111011111111111000001101101010
1001000000100000111110111111111110000010000001001
1111111111110000000001111000000000000111111111111
0001001000010000000011110111100000000100001001000
1001010100101000000111100011110000001010010101001
1101100011000100000111000001110000010001100011011
