0110001100000011010000000101111111110100000000010111111111010000000101100000011000110110001100000011010000000101111
1111010010000001011000001111001110011110000000111100111001111000001101000000100101111111010010000001011000001111001
1110000100001101011100000110000100001100000000011000010000110000011101011000010000111110000100001101011100000110000
0101101000000101100000101111000000011110100010111100000001111010000011010000001011010101101000000101100000101111000
0011110000110101111101111010000000001011110111101000000000101111011111010110000111100011110000110101111101111010000
0101100000010110000100110000001110000001100011000000111000000110010000110100000011010101100000010110000100110000001
1110000011010111110001111000011111000011111111100001111100001111000111110101100000111110000011010111110001111000011
1111000001011000010001010000110001100001011101000011000110000101000100001101000001111111000001011000010001010000110
1110001101011111000001000001110000110000011100000110000111000001000001111101011000111110001101011111000001000001110
1000000101100001001001001000110010011000011100001100100110001001001001000011010000001000000101100001001001001000110
1000000101111100010101010100011110001100011100011000111100010101010100011111010000001000000101111100010101010100011
1001000110000100100101010010001100000110011100110000011000100101010010010000110001001001000110000100100101010010001
1010000111110000100101010010000000000011001001100000000000100101010010000111110000101010000111110000100101010010000
1100001000010000010001000100000000000011111111100000000000010001000100000100001000011100001000010000010001000100000
1000010000000000001011101000000000000001001001000000000000001011101000000000000100001000010000000000001011101000000
1000100000000000000110110000000000000010001000100000000000000110110000000000000010001000100000000000000110110000000
1001000000000000001011101000000000000100001000010000000000001011101000000000000001001001000000000000001011101000000
1111100000000000010001000100000100001000011100001000010000010001000100000000000011111111100000000000010001000100000
1001100000000000100101010010000111110000101010000111110000100101010010000000000011001001100000000000100101010010000
1100110000011000100101010010010000110001001001000110000100100101010010001100000110011100110000011000100101010010010
1100011000111100010101010100011111010000001000000101111100010101010100011110001100011100011000111100010101010100011
1100001100100110001001001001000011010000001000000101100001001001001000110010011000011100001100100110001001001001000
1100000110000111000001000001111101011000111110001101011111000001000001110000110000011100000110000111000001000001111
1101000011000110000101000100001101000001111111000001011000010001010000110001100001011101000011000110000101000100001
1111100001111100001111000111110101100000111110000011010111110001111000011111000011111111100001111100001111000111110
0011000000111000000110010000110100000011010101100000010110000100110000001110000001100011000000111000000110010000110
0111101000000000101111011111010110000111100011110000110101111101111010000000001011110111101000000000101111011111010
0010111100000001111010000011010000001011010101101000000101100000101111000000011110100010111100000001111010000011010
0000011000010000110000011101011000010000111110000100001101011100000110000100001100000000011000010000110000011101011
0000111100111001111000001101000000100101111111010010000001011000001111001110011110000000111100111001111000001101000
0000010111111111010000000101100000011000110110001100000011010000000101111111110100000000010111111111010000000101100
