1111001111000001000001111001111
1001001001000011100001001001001
1001001001000111110001001001001
1111111111000101010001111111111
0001001000000111110000001001000
0001001000001110111000001001000
1111111111001100011001111111111
1001001001011110111101001001001
1001001001011011101101001001001
1111001111011101011101111001111
0000000000101111111010000000000
0000000111010001000101110000000
0000011111101010101011111100000
0011111101100100010011011111100
0110110110101010101010110110110
1111100011110001000111100011111
0110110110101010101010110110110
0011111101100100010011011111100
0000011111101010101011111100000
0000000111010001000101110000000
0000000000101111111010000000000
1111001111011101011101111001111
1001001001011011101101001001001
1001001001011110111101001001001
1111111111001100011001111111111
0001001000001110111000001001000
0001001000000111110000001001000
1111111111000101010001111111111
1001001001000111110001001001001
1001001001000011100001001001001
1111001111000001000001111001111
