1111110000000010100001000010100000000111111111110000000010100001000010100000000111111111110000000010100001000010100
1000010100000001100011100011000000010100001000010100000001100011100011000000010100001000010100000001100011100011000
1000001110000011100111110011100000111000001000001110000011100111110011100000111000001000001110000011100111110011100
0100011100000000010011100100000000011100010100011100000000010011100100000000011100010100011100000000010011100100000
0010001010100001001001001001000010101000100010001010100001001001001001000010101000100010001010100001001001001001000
0111000001000001100101010011000001000001110111000001000001100101010011000001000001110111000001000001100101010011000
1111100010110000111111111110000110100011111111100010110000111111111110000110100011111111100010110000111111111110000
1111110000110100011111111100010110000111111111110000110100011111111100010110000111111111110000110100011111111100010
1010011000001000001110111000001000001100101010011000001000001110111000001000001100101010011000001000001110111000001
1001001000010101000100010001010100001001001001001000010101000100010001010100001001001001001000010101000100010001010
1100100000000011100010100011100000000010011100100000000011100010100011100000000010011100100000000011100010100011100
1110011100000111000001000001110000011100111110011100000111000001000001110000011100111110011100000111000001000001110
1100011000000010100001000010100000001100011100011000000010100001000010100000001100011100011000000010100001000010100
1000010100000000111111111110000000010100001000010100000000111111111110000000010100001000010100000000111111111110000
