0111111110000011100000000000000000111000001111111101111111100000111000000000000000001110000011111111011111111000001
1000000001000111000000000000000000011100010000000010000000010001110000000000000000000111000100000000100000000100011
0111111110101110000000000100000000001110101111111101111111101011100000000001000000000011101011111111011111111010111
1000010101010100000000001110000000000101010101000010000101010101000000000011100000000001010101010000100001010101010
1000010100101000000000100100100000000010100101000010000101001010000000001001001000000000101001010000100001010010100
1000010100101000000001110101110000000010100101000010000101001010000000011101011100000000101001010000100001010010100
1001010100101001010000111011100001010010100101010010010101001010010100001110111000010100101001010100100101010010100
1011101010101000100010010101001000100010101010111010111010101010001000100101010010001000101010101110101110101010100
0111000101111111100111101110111100111111110100011101110001011111111001111011101111001111111101000111011100010111111
1010010010000000010010010101001001000000001001001010100100100000000100100101010010010000000010010010101001001000000
1101111001111111101000111011100010111111110011110111011110011111111010001110111000101111111100111101110111100111111
1010010001000101010101110101110101010100010001001010100100010001010101011101011101010101000100010010101001000100010
0111000010100101001010100100101010010100101000011101110000101001010010101001001010100101001010000111011100001010010
1011100000000101001010000100001010010100000000111010111000000001010010100001000010100101000000001110101110000000010
1001000000000101001010000100001010010100000000010010010000000001010010100001000010100101000000000100100100000000010
1100000000001010101010001110001010101010000000000111000000000010101010100011100010101010100000000001110000000000101
1000000000011101011111111011111111010111000000000010000000000111010111111110111111110101110000000000100000000001110
0000000000111000100000000100000000100011100000000000000000001110001000000001000000001000111000000000000000000011100
0000000001110000011111111011111111000001110000000000000000011100000111111110111111110000011100000000000000000111000
