000000000000000000000000000010000000000000000000000000000
000000000000000000011110000010000011110000000000000000000
000000000000000000101001000101000100101000000000000000000
000000000000000000000100100101001001000000000000000000000
000000000000000011110010101000101010011110000000000000000
000000000000000100001010101000101010100001000000000000000
000000000000001000000101001000100101000000100000000000000
000000000000001111000101010010010101000111100000000000000
000000000000001000100010010010010010001000100000000000000
000000000000000000100010010010010010001000000000000000000
000000000001111110010010100010001010010011111100000000000
000000000010000001010010100010001010010100000010000000000
000000000100000000101010100010001010101000000001000000000
000000000101110000101001010010010100101000011101000000000
000000000110001000010101010010010101010000100011000000000
000000000110000100010101010010010101010001000011000000000
000000000010000010010100101010101001010010000010000000000
000000011000000010001010101010101010100010000000110000000
000000100100000010001010101010101010100010000001001000000
000000110000000010001010010101010010100010000000011000000
000000110000000001001001010101010100100100000000011000000
000011011000000001000101001010100101000100000000110110000
000010101100000000100010110101011010001000000001101010000
011101010110001000010001001010100100010000100011010101110
101110101010011100001111110101011111100001110010101011101
100011010110100000000000000101000000000000001011010110001
010001101101110000101000011000110000101000011101101100010
000000111011010000010000100101001000010000010110111000000
000110000111011100101000100101001000101001110111000011000
001100000011000010000000100101001000000010000110000001100
001111111001100001000111010010010111000100001100111111100
110111111100111111101000101101101000101111111001111111011
011000001100000001101000010101010000101100000001100000110
000111110110011110100111011101110111001011110011011111000
011000001011100001011000100010001000110100001110100000110
000111110110011110100111011101110111001011110011011111000
011000001100000001101000010101010000101100000001100000110
110111111100111111101000101101101000101111111001111111011
001111111001100001000111010010010111000100001100111111100
001100000011000010000000100101001000000010000110000001100
000110000111011100101000100101001000101001110111000011000
000000111011010000010000100101001000010000010110111000000
010001101101110000101000011000110000101000011101101100010
100011010110100000000000000101000000000000001011010110001
101110101010011100001111110101011111100001110010101011101
011101010110001000010001001010100100010000100011010101110
000010101100000000100010110101011010001000000001101010000
000011011000000001000101001010100101000100000000110110000
000000110000000001001001010101010100100100000000011000000
000000110000000010001010010101010010100010000000011000000
000000100100000010001010101010101010100010000001001000000
000000011000000010001010101010101010100010000000110000000
000000000010000010010100101010101001010010000010000000000
000000000110000100010101010010010101010001000011000000000
000000000110001000010101010010010101010000100011000000000
000000000101110000101001010010010100101000011101000000000
000000000100000000101010100010001010101000000001000000000
000000000010000001010010100010001010010100000010000000000
000000000001111110010010100010001010010011111100000000000
000000000000000000100010010010010010001000000000000000000
000000000000001000100010010010010010001000100000000000000
000000000000001111000101010010010101000111100000000000000
000000000000001000000101001000100101000000100000000000000
000000000000000100001010101000101010100001000000000000000
000000000000000011110010101000101010011110000000000000000
000000000000000000000100100101001001000000000000000000000
000000000000000000101001000101000100101000000000000000000
000000000000000000011110000010000011110000000000000000000
