0000000000000000010000000000000000000000000000000001000000000000000000000000000000000100000000000000000000000000000
1000000000000000111000000000000000100000000000000011100000000000000010000000000000001110000000000000001000000000000
0100100010000011010110000010001001010010001000001101011000001000100101001000100000110101100000100010010100100010000
1001010101000011101110000101010100100101010100001110111000010101010010010101010000111011100001010101001001010101000
1010100010000101101101000010001010101010001000010110110100001000101010101000100001011011010000100010101010100010000
0100001001001110010011100100100001010000100100111001001110010010000101000010010011100100111001001000010100001001001
1000011100100101101101001001110000100001110010010110110100100111000010000111001001011011010010011100001000011100100
1001101011010011101110010110101100100110101101001110111001011010110010011010110100111011100101101011001001101011010
1001110111001011010110100111011100100111011100101101011010011101110010011101110010110101101001110111001001110111001
1010110110101000111000101011011010101011011010100011100010101101101010101101101010001110001010110110101010110110101
0111001001110100010001011100100111011100100111010001000101110010011101110010011101000100010111001001110111001001110
1010110110100010000010001011011010101011011010001000001000101101101010101101101000100000100010110110101010110110100
1001110111010010010010010111011100100111011101001001001001011101110010011101110100100100100101110111001001110111010
1001101011001001010100100110101100100110101100100101010010011010110010011010110010010101001001101011001001101011001
1000011100000100101001000001110000100001110000010010100100000111000010000111000001001010010000011100001000011100000
1011001000000010010010000000100110101100100000001001001000000010011010110010000000100100100000001001101011001000000
0100000001110001010100011100000001010000000111000101010001110000000101000000011100010101000111000000010100000001110
1001000111111001010100111111000100100100011111100101010011111100010010010001111110010101001111110001001001000111111
1010010001111100101001111100010010101001000111110010100111110001001010100100011111001010011111000100101010010001111
0100101000001110010011100000101001010010100000111001001110000010100101001010000011100100111000001010010100101000001
1001010000000011010110000000010100100101000000001101011000000001010010010100000000110101100000000101001001010000000
1010000000000000101000000000000010101000000000000010100000000000001010100000000000001010000000000000101010000000000
