1000010000000010000000010000100001000000001000000001000010000100000000100000000100001000010000000010000000010000100
1100011000000111000000110001110001100000011100000011000111000110000001110000001100011100011000000111000000110001110
0010011100001101100001110010001001110000110110000111001000100111000011011000011100100010011100001101100001110010001
1100100000011000110000001001110010000001100011000000100111001000000110001100000010011100100000011000110000001001110
1001001000111101111000100100100100100011110111100010010010010010001111011110001001001001001000111101111000100100100
1010011001111111111100110010101001100111111111110011001010100110011111111111001100101010011001111111111100110010101
1111110011001010100110011111111111001100101010011001111111111100110010101001100111111111110011001010100110011111111
0111100010010010010010001111011110001001001001001000111101111000100100100100100011110111100010010010010010001111011
0011000000100111001000000110001100000010011100100000011000110000001001110010000001100011000000100111001000000110001
0110000111001000100111000011011000011100100010011100001101100001110010001001110000110110000111001000100111000011011
1100000011000111000110000001110000001100011100011000000111000000110001110001100000011100000011000111000110000001110
1000000001000010000100000000100000000100001000010000000010000000010000100001000000001000000001000010000100000000100
