1111100000000010000100001000000000111111111000000000100001000010000000001111111110000000001000010000100000000011111
1000010000000110001110001100000001000010000100000001100011100011000000010000100001000000011000111000110000000100001
1100001000001110010001001110000010000111000010000011100100010011100000100001110000100000111001000100111000001000011
0110000100000001001110010000000100001101100001000000010011100100000001000011011000010000000100111001000000010000110
0011000010000110100100101100001000011000110000100001101001001011000010000110001100001000011010010010110000100001100
0111100001000011010101011000010000111101111000010000110101010110000100001111011110000100001101010101100001000011110
1010110000100001111011110000100001101010101100001000011110111100001000011010101011000010000111101111000010000110101
1001011000010000110001100001000011010010010110000100001100011000010000110100100101100001000011000110000100001101001
1100100000001000011011000010000000100111001000000010000110110000100000001001110010000000100001101100001000000010011
0010011100000100001110000100000111001000100111000001000011100001000001110010001001110000010000111000010000011100100
1100011000000010000100001000000011000111000110000000100001000010000000110001110001100000001000010000100000001100011
1000010000000001111111110000000001000010000100000000011111111100000000010000100001000000000111111111000000000100001
