1010111111000000000010000000100000001000000000011111101010101111110000000000100000001000000010000000000111111010101
0101100000110000000111000001110000011100000001100000110101011000001100000001110000011100000111000000011000001101010
1011001000011000000101110011011001110100000011000010011010110010000110000001011100110110011101000000110000100110101
1110011100011000000111001110001110011100000011000111001111100111000110000001110011100011100111000000110001110011111
1000101000110000001111000111011100011110000001100010100010001010001100000011110001110111000111100000011000101000100
1001000001000000011111000001110000011111000000010000010010010000010000000111110000011100000111110000000100000100100
1110000011111111111111000100100100011111111111111000001111100000111111111111110001001001000111111111111110000011111
1000000111000000001111001000100010011110000000011100000010000001110000000011110010001000100111100000000111000000100
1000000001111111111111001100100110011111111111110000000010000000011111111111110011001001100111111111111100000000100
1110000000110000111111000011111000011111100001100000001111100000001100001111110000111110000111111000011000000011111
1001000000011111111110000001110000001111111111000000010010010000000111111111100000011100000011111111110000000100100
1001000000001111111100000000100000000111111110000000010010010000000011111111000000001000000001111111100000000100100
1000101000000010100000000000100000000000101000000010100010001010000000101000000000001000000000001010000000101000100
1110011100000010100000000001110000000000101000000111001111100111000000101000000000011100000000001010000001110011111
1111001000000010100000000011111000000000101000000010011111110010000000101000000000111110000000001010000000100111111
1111100000000101010000000111111100000001010100000000111111111000000001010100000001111111000000010101000000001111111
