0000000000000010000000000000000000000000000000100000000000000000000000000000001000000000000000000000000000000010000
0000000000011101110000000000000000000000000111011100000000000000000000000001110111000000000000000000000000011101110
0000000000111000111000000000000000000000001110001110000000000000000000000011100011100000000000000000000000111000111
1110010001000010000100010011110111100100010000100001000100111101111001000100001000010001001111011110010001000010000
0011100010000101000010001110011100111000100001010000100011100111001110001000010100001000111001110011100010000101000
0000100110011010110011001000001000001001100110101100110010000010000010011001101011001100100000100000100110011010110
0000100110101101101011001000001000001001101011011010110010000010000010011010110110101100100000100000100110101101101
1101010100001010100001010101101011010101000010101000010101011010110101010000101010000101010110101101010100001010100
1100001000110101011000100001110111000010001101010110001000011101110000100011010101100010000111011100001000110101011
1011001001110010011100100110110110110010011100100111001001101101101100100111001001110010011011011011001001110010011
0111001001101101101100100111001001110010011011011011001001110010011100100110110110110010011100100111001001101101101
0110001000011101110000100011010101100010000111011100001000110101011000100001110111000010001101010110001000011101110
1000010101011010110101010000101010000101010110101101010100001010100001010101101011010101000010101000010101011010110
1010110010000010000010011010110110101100100000100000100110101101101011001000001000001001101011011010110010000010000
1100110010000010000010011001101011001100100000100000100110011010110011001000001000001001100110101100110010000010000
0000100011100111001110001000010100001000111001110011100010000101000010001110011100111000100001010000100011100111001
0001000100111101111001000100001000010001001111011110010001000010000100010011110111100100010000100001000100111101111
1110000000000000000000000011100011100000000000000000000000111000111000000000000000000000001110001110000000000000000
1100000000000000000000000001110111000000000000000000000000011101110000000000000000000000000111011100000000000000000
0000000000000000000000000000001000000000000000000000000000000010000000000000000000000000000000100000000000000000000
