1100000100011011000100011011000011010000010110000010001101100010001101100001101000001011000001000110110001000110110
1100001110011011001110011011000011011000110110000111001101100111001101100001101100011011000011100110110011100110110
0000011111000100011111000100000000011101110000001111100010001111100010000000001110111000000111110001000111110001000
1100001110101011001110101011000011101101101110000111010101100111010101100001110110110111000011101010110011101010110
1001000100010011000100010011001001110101011100100010001001100010001001100100111010101110010001000100110001000100110
0011100000101000000000101000011100111010111001110000010100000000010100001110011101011100111000001010000000001010000
0111111111000111111111000111111110000101000011111111100011111111100011111111000010100001111111110001111111110001111
0011100000101000000000101000011100111010111001110000010100000000010100001110011101011100111000001010000000001010000
1001000110010001000110010001001001110101011100100011001000100011001000100100111010101110010001100100010001100100010
1100000110101011100110101011100011101101101110000011010101110011010101110001110110110111000001101010111001101010111
0000000001000111110001000111110000011101110000000000100011111000100011111000001110111000000000010001111100010001111
1100000110110011100110110011100011011000110110000011011001110011011001110001101100011011000001101100111001101100111
1100000110110001000110110001000011010000010110000011011000100011011000100001101000001011000001101100010001101100010
