00100000100000100000100000100000100000100000100000100000100000100
01110001110001110001110001110001110001110001110001110001110001110
11011011011011011011011011011011011011011011011011011011011011011
01111111111111111111111111111111111111111111111111111111111111110
00110100000000000000000000000000000000000000000000000000000101100
00011100100000000010100000000000100000000000101000000000100111000
00110011001110000110110000000001110000000001101100001110011001100
01110011001010000001000000000010001000000000010000001010011001110
11010100111011000110110001110100100101110001101100011011100101011
01110000111000000010100010001101010110001000101000000011100001110
00110011111010000000000100000100100100000100000000001011111001100
00010010000100000001111000000010101000000011110000000100001001000
00110011101011110010001111000000100000011110001001111010111001100
01110000100011001100010000100000100000100001000110011000100001110
11010000000010100100100000010001010001000000100100101000000001011
01110000000010010001000000001000100010000000010001001000000001110
00110000000001001001000000000100100100000000010010010000000001100
00010010100001100101000000000010101000000000010100110000101001000
00110110110010000011000011000000100000011000011000001001101101100
01110001000100011111000100100000100000100100011111000100010001110
11010110110100100000100100010001010001000100100000100101101101011
01110010100101000000010010010000100001001001000000010100101001110
00110000000110000000001000100000100000100010000000001100000001100
00010000001010000001100111000110101100011100110000001010000001000
00110000010010000010010110001111011110001101001000001001000001100
01110000100010000010000101001001010010010100001000001000100001110
11010000100001000001001000110000100001100010010000010000100001011
01110000100000100000110000110000100001100001100000100000100001110
00110000010000010000000011001000100010011000000001000001000001100
00010000111000001000000110000101010100001100000010000011100001000
00110001000100000100000110000010101000001100000100000100010001100
01110010010000100000100011000100000100011000100000100001001001110
11010110101111011111011100111010101011100111011111011110101101011
01110010010000100000100011000100000100011000100000100001001001110
00110001000100000100000110000010101000001100000100000100010001100
00010000111000001000000110000101010100001100000010000011100001000
00110000010000010000000011001000100010011000000001000001000001100
01110000100000100000110000110000100001100001100000100000100001110
11010000100001000001001000110000100001100010010000010000100001011
01110000100010000010000101001001010010010100001000001000100001110
00110000010010000010010110001111011110001101001000001001000001100
00010000001010000001100111000110101100011100110000001010000001000
00110000000110000000001000100000100000100010000000001100000001100
01110010100101000000010010010000100001001001000000010100101001110
11010110110100100000100100010001010001000100100000100101101101011
01110001000100011111000100100000100000100100011111000100010001110
00110110110010000011000011000000100000011000011000001001101101100
00010010100001100101000000000010101000000000010100110000101001000
00110000000001001001000000000100100100000000010010010000000001100
01110000000010010001000000001000100010000000010001001000000001110
11010000000010100100100000010001010001000000100100101000000001011
01110000100011001100010000100000100000100001000110011000100001110
00110011101011110010001111000000100000011110001001111010111001100
00010010000100000001111000000010101000000011110000000100001001000
00110011111010000000000100000100100100000100000000001011111001100
01110000111000000010100010001101010110001000101000000011100001110
11010100111011000110110001110100100101110001101100011011100101011
01110011001010000001000000000010001000000000010000001010011001110
00110011001110000110110000000001110000000001101100001110011001100
00011100100000000010100000000000100000000000101000000000100111000
00110100000000000000000000000000000000000000000000000000000101100
01111111111111111111111111111111111111111111111111111111111111110
11011011011011011011011011011011011011011011011011011011011011011
01110001110001110001110001110001110001110001110001110001110001110
00100000100000100000100000100000100000100000100000100000100000100
