011000000011000000011000000011000000
100100100100100100100100100100100100
100110110100110110100110110100110110
010111000010111000010111000010111000
000111010000111010000111010000111010
011011001011011001011011001011011001
001001001001001001001001001001001001
000000110000000110000000110000000110
011000000011000000011000000011000000
100100100100100100100100100100100100
100110110100110110100110110100110110
010111000010111000010111000010111000
000111010000111010000111010000111010
011011001011011001011011001011011001
001001001001001001001001001001001001
000000110000000110000000110000000110
