000000000000000000001000000000000000000000
001000000000000000011100000000000000001000
011001000000000000110110000000000001001100
111010100000000001100011000000000010101110
000100101001000000110110000001001010010000
001010000110000000011100000000110000101000
010001000110000000001000000000110001000100
001100101001000001001001000001001010011000
000000010000000010101010100000000100000000
000100101110000111110111110000111010010000
000011001010101100001000011010101001100000
000011001110101011101011101010111001100000
000100100001101010101010101011000010010000
000000000111101000101010001011110000000000
000000000000011101101011011100000000000000
000000000111111111001001111111110000000000
000000001100011100101010011100011000000000
000000011011001000110110001001101100000000
001000101010011000111110001100101010001000
011100011011110111011101110111101100011100
110110001000000011101011100000001000110110
100011110111111101110111011111110111100011
110110001000000011101011100000001000110110
011100011011110111011101110111101100011100
001000101010011000111110001100101010001000
000000011011001000110110001001101100000000
000000001100011100101010011100011000000000
000000000111111111001001111111110000000000
000000000000011101101011011100000000000000
000000000111101000101010001011110000000000
000100100001101010101010101011000010010000
000011001110101011101011101010111001100000
000011001010101100001000011010101001100000
000100101110000111110111110000111010010000
000000010000000010101010100000000100000000
001100101001000001001001000001001010011000
010001000110000000001000000000110001000100
001010000110000000011100000000110000101000
000100101001000000110110000001001010010000
111010100000000001100011000000000010101110
011001000000000000110110000000000001001100
001000000000000000011100000000000000001000
