110111111110111010000100011111000111110001000010111011111111011
101001001001010100000010100000101000001010000001010100100100101
010000100100101000000001000001010100000100000000101001001000010
100000100100010000000001000010010010000100000000010001001000001
100011000100010000000001000100010001000100000000010001000110001
110010000100010001111001111000010000111100111100010001000010011
101100111100010001001001001000010000100100100100010001111001101
100000100000100001001001001000101000100100100100001000001000001
110000101111001111111111111111000111111111111111100111101000011
101111101000001001001001000000101000000100100100100000101111101
100000001000001001001001000000010000000100100100100000100000001
010000001000001111111111111000000000111111111111100000100000010
101000010000000001001001001000000000100100100100000000010000101
110111100000000001001001001000000000100100100100000000001111011
101000001111001111111111111000000000111111111111100111100000101
010000001001001001001001000000010000000100100100100100100000010
100000001001001001001001000000101000000100100100100100100000001
000001111111111111001111000001010100000111100111111111111100000
000001001001001000000000011110111011110000000000100100100100000
000001001001001000000000100001010100001000000000100100100100000
000001111111111111000001000000101000000100000111111111111100000
100000001001001001000001000000010000000100000100100100100000001
010000001001001001000001011111010111110100000100100100100000010
001111111111111111001111010000111000010111100111111111111111100
010001001001001000010000010000010000010000010000100100100100010
100001001001001000100011110011010110011110001000100100100100001
100001111001111000100010000100111001000010001000111100111100001
100010001000000000100010001100010001100010001000000000100010001
100100001000000000100010010000010000010010001000000000100001001
101000001000000001010010010000101000010010010100000000100000101
010000010100000010101001001001010100100100101010000001010000010
001111100010000101110111111110111011111111011101000010001111100
010000010100000010101001001001010100100100101010000001010000010
101000001000000001010010010000101000010010010100000000100000101
100100001000000000100010010000010000010010001000000000100001001
100010001000000000100010001100010001100010001000000000100010001
100001111001111000100010000100111001000010001000111100111100001
100001001001001000100011110011010110011110001000100100100100001
010001001001001000010000010000010000010000010000100100100100010
001111111111111111001111010000111000010111100111111111111111100
010000001001001001000001011111010111110100000100100100100000010
100000001001001001000001000000010000000100000100100100100000001
000001111111111111000001000000101000000100000111111111111100000
000001001001001000000000100001010100001000000000100100100100000
000001001001001000000000011110111011110000000000100100100100000
000001111111111111001111000001010100000111100111111111111100000
100000001001001001001001000000101000000100100100100100100000001
010000001001001001001001000000010000000100100100100100100000010
101000001111001111111111111000000000111111111111100111100000101
110111100000000001001001001000000000100100100100000000001111011
101000010000000001001001001000000000100100100100000000010000101
010000001000001111111111111000000000111111111111100000100000010
100000001000001001001001000000010000000100100100100000100000001
101111101000001001001001000000101000000100100100100000101111101
110000101111001111111111111111000111111111111111100111101000011
100000100000100001001001001000101000100100100100001000001000001
101100111100010001001001001000010000100100100100010001111001101
110010000100010001111001111000010000111100111100010001000010011
100011000100010000000001000100010001000100000000010001000110001
100000100100010000000001000010010010000100000000010001001000001
010000100100101000000001000001010100000100000000101001001000010
101001001001010100000010100000101000001010000001010100100100101
110111111110111010000100011111000111110001000010111011111111011
