1000000000000000000010000000000000000000100000000000000000001000000000000000000010000000000000000000100000000000000
1100000000000000000111000000000000000001110000000000000000011100000000000000000111000000000000000001110000000000000
1110000000000000001111100000000000000011111000000000000000111110000000000000001111100000000000000011111000000000000
1101000000000000010111010000000000000101110100000000000001011101000000000000010111010000000000000101110100000000000
1011100000000000111010111000000000001110101110000000000011101011100000000000111010111000000000001110101110000000000
1010110000000001101010101100000000011010101011000000000110101010110000000001101010101100000000011010101011000000000
1000110000000001100010001100000000011000100011000000000110001000110000000001100010001100000000011000100011000000000
1101100000000000110111011000000000001101110110000000000011011101100000000000110111011000000000001101110110000000000
1001001000000010010010010010000000100100100100100000001001001001001000000010010010010010000000100100100100100000001
1010011100000111001010100111000001110010101001110000011100101010011100000111001010100111000001110010101001110000011
1010111000000011101010101110000000111010101011100000001110101010111000000011101010101110000000111010101011100000001
1111000000000000011111110000000000000111111100000000000001111111000000000000011111110000000000000111111100000000000
1111110000000001111111111100000000011111111111000000000111111111110000000001111111111100000000011111111111000000000
1110011000000011001111100110000000110011111001100000001100111110011000000011001111100110000000110011111001100000001
1101011000100011010111010110001000110101110101100010001101011101011000100011010111010110001000110101110101100010001
1101110001010001110111011100010100011101110111000101000111011101110001010001110111011100010100011101110111000101000
1100100011011000100111001000110110001001110010001101100010011100100011011000100111001000110110001001110010001101100
0110000110001100001101100001100011000011011000011000110000110110000110001100001101100001100011000011011000011000110
0011111100000111111000111111000001111110001111110000011111100011111100000111111000111111000001111110001111110000011
0001111000000011110000011110000000111100000111100000001111000001111000000011110000011110000000111100000111100000001
