0000000001110111011101110000000000000110111000111011000000000000011101110111011100000000000001101110001110110000000
0000000001010101010101010000000000000110101000101011000000000000010101010101010100000000000001101010001010110000000
1000100001111101010111110000100010000001101000101100000010001000011111010101111100001000100000011010001011000000100
1101100000010100000101000000110110000111100010001111000011011000000101000001010000001101100001111000100011110000110
1111100001111111111111110000111110000100011101110001000011111000011111111111111100001111100001000111011100010000111
1010111101000101010100010111101011110111011000110111011110101111010001010101000101111010111101110110001101110111101
0010011001110111111101110011001001100000010101010000001100100110011101111111011100110010011000000101010100000011001
1101110000000101010100000001110111000000100010001000000111011100000001010101000000011101110000001000100010000001110
0010011001110111111101110011001001100000010101010000001100100110011101111111011100110010011000000101010100000011001
1010111101000101010100010111101011110111011000110111011110101111010001010101000101111010111101110110001101110111101
1111100001111111111111110000111110000100011101110001000011111000011111111111111100001111100001000111011100010000111
1101100000010100000101000000110110000111100010001111000011011000000101000001010000001101100001111000100011110000110
1000100001111101010111110000100010000001101000101100000010001000011111010101111100001000100000011010001011000000100
0000000001010101010101010000000000000110101000101011000000000000010101010101010100000000000001101010001010110000000
0000000001110111011101110000000000000110111000111011000000000000011101110111011100000000000001101110001110110000000
