1000000000101100000000000001100000110000000000000110100000000010000000001011000000000000011000001100000000000001101
1000100001010010000000000010010001001000000000001001010000100010001000010100100000000000100100010010000000000010010
1100110010110010111100111100001010000111100111101001101001100111001100101100101111001111000010100001111001111010011
1011000101110100100100100100000100000100100100100101110100011010110001011101001001001001000001000001001001001001011
0100000101100000100100100100001010000100100100100000110100000101000001011000001001001001000010100001001001001000001
0010000101000000111111111100001010000111111111100000010100001000100001010000001111111111000010100001111111111000000
1001001010000000000100100000001010000000100100000000001010010010010010100000000001001000000010100000001001000000000
0101001100000000000100100000001010000000100100000000000110010101010011000000000001001000000010100000001001000000000
0101001110000000111111111100010001000111111111100000001110010101010011100000001111111111000100010001111111111000000
0010010000000000100100100100110001100100100100100000000001001000100100000000001001001001001100011001001001001000000
0100100000000000100100100101000000010100100100100000000000100101001000000000001001001001010000000101001001001000000
0010110000000000111100111100110001100111100111100000000001101000101100000000001111001111001100011001111001111000000
0011001111001111000000000011010001011000000000011110011110011000110011110011110000000000110100010110000000000111100
0000101001001001000000000001001010010000000000010010010010100000001010010010010000000000010010100100000000000100100
0011001001001001000000000010010001001000000000010010010010011000110010010010010000000000100100010010000000000100100
0010001111111111000000011100101010100111000000011111111110001000100011111111110000000111001010101001110000000111111
0100000001001000000000001100101010100110000000000010010000000101000000010010000000000011001010101001100000000000100
0100000001001000000000010100100100100101000000000010010000000101000000010010000000000101001001001001010000000000100
0100001111111111000000101000010001000010100000011111111110000101000011111111110000001010000100010000101000000111111
0100001001001001000001101000001010000010110000010010010010000101000010010010010000011010000010100000101100000100100
1000001001001001001011101000110101100010111010010010010010000010000010010010010010111010001101011000101110100100100
0100001111001111010011010011001110011001011001011110011110000101000011110011110100110100110011100110010110010111100
0010010000000000010010100001000100010000101001000000000001001000100100000000000100101000010001000100001010010000000
0001100000000000001101000000000100000000010110000000000000110000011000000000000011010000000001000000000101100000000
