11111111111111111111111111111111111111111111111111111
10100010001000100010001000100010001000100010001000101
11110111011101110111011101110111011101110111011101111
10100010001000100010001000100010001000100010001000101
10001111111111111111111111111111111111111111111110001
10101110000000001110001110001110001110000000001110101
11111101111111000111011111011111011100011111110111111
10101010111111100011111011111011111000111111101010101
10001011011111110001110001110001110001111111011010001
10101011101111100011111011111011111000111110111010101
11111011110111000111011111011111011100011101111011111
10101011111010001110001110001110001110001011111010101
10001011111100011100011111011111000111000111111010001
10101011111000111000111011111011100011100011111010101
11111001110001110001110001110001110001110001110011111
10101000100011100011100000100000111000111000100010101
10001100000111000111000100000100011100011100000110001
10101110001110001110001110001110001110001110001110101
11111111011100011100011111011111000111000111011111111
10101011111000111000111111011111100011100011111010101
10001001110001110001011111011111010001110001110010001
10101011111011100011101111011110111000111011111010101
11111111011111000111110111011101111100011111011111111
10101110001110001111111011011011111110001110001110101
10001111011111000111111101010111111100011111011110001
10101011111011100011111110101111111000111011111010101
11111001110001110000000001110000000001110001110011111
10101011111011100011111110101111111000111011111010101
10001111011111000111111101010111111100011111011110001
10101110001110001111111011011011111110001110001110101
11111111011111000111110111011101111100011111011111111
10101011111011100011101111011110111000111011111010101
10001001110001110001011111011111010001110001110010001
10101011111000111000111111011111100011100011111010101
11111111011100011100011111011111000111000111011111111
10101110001110001110001110001110001110001110001110101
10001100000111000111000100000100011100011100000110001
10101000100011100011100000100000111000111000100010101
11111001110001110001110001110001110001110001110011111
10101011111000111000111011111011100011100011111010101
10001011111100011100011111011111000111000111111010001
10101011111010001110001110001110001110001011111010101
11111011110111000111011111011111011100011101111011111
10101011101111100011111011111011111000111110111010101
10001011011111110001110001110001110001111111011010001
10101010111111100011111011111011111000111111101010101
11111101111111000111011111011111011100011111110111111
10101110000000001110001110001110001110000000001110101
10001111111111111111111111111111111111111111111110001
10100010001000100010001000100010001000100010001000101
11110111011101110111011101110111011101110111011101111
10100010001000100010001000100010001000100010001000101
11111111111111111111111111111111111111111111111111111
