0011111111100111001111111110011100111111111001110011111111100111001111111110011100111111111001110011111111100111001
0010100010100010001010001010001000101000101000100010100010100010001010001010001000101000101000100010100010100010001
1111100011111000111110001111100011111000111110001111100011111000111110001111100011111000111110001111100011111000111
1010001000101000101000100010100010100010001010001010001000101000101000100010100010100010001010001010001000101000101
1110011100111111111001110011111111100111001111111110011100111111111001110011111111100111001111111110011100111111111
1000101010001101100010101000110110001010100011011000101010001101100010101000110110001010100011011000101010001101100
1001110111001000100111011100100010011101110010001001110111001000100111011100100010011101110010001001110111001000100
1000101010001101100010101000110110001010100011011000101010001101100010101000110110001010100011011000101010001101100
1110011100111111111001110011111111100111001111111110011100111111111001110011111111100111001111111110011100111111111
1010001000101000101000100010100010100010001010001010001000101000101000100010100010100010001010001010001000101000101
1111100011111000111110001111100011111000111110001111100011111000111110001111100011111000111110001111100011111000111
0010100010100010001010001010001000101000101000100010100010100010001010001010001000101000101000100010100010100010001
0011111111100111001111111110011100111111111001110011111111100111001111111110011100111111111001110011111111100111001
