1010111111000011111111100001111110101
0110100001000100000000010001000010110
1110101101001011111111101001011010111
0001101101010100000000010101011011000
1111100000101101111111011010000011111
1000011101011101110111011101011100001
1011011010111101101011011110101101101
1011010101000001010101000001010101101
1000001011011110100010111101101000001
1111010111011101000001011101110101111
0000101111011010000000101101111010000
0001010000010101000001010100000101000
0010110111101001100011001011110110100
0101110111010001110111000101110111010
1011110110100001111111000010110111101
1010000101011111101011111101010000101
1010111010001111101011111000101110101
1010110100000110000000110000010110101
1010101000000011101011100000001010101
1010110100000110000000110000010110101
1010111010001111101011111000101110101
1010000101011111101011111101010000101
1011110110100001111111000010110111101
0101110111010001110111000101110111010
0010110111101001100011001011110110100
0001010000010101000001010100000101000
0000101111011010000000101101111010000
1111010111011101000001011101110101111
1000001011011110100010111101101000001
1011010101000001010101000001010101101
1011011010111101101011011110101101101
1000011101011101110111011101011100001
1111100000101101111111011010000011111
0001101101010100000000010101011011000
1110101101001011111111101001011010111
0110100001000100000000010001000010110
1010111111000011111111100001111110101
