0011111110000111000011110000011110000111000011111110001111111000011100001111000001111000011100001111111000111111100
0111111111000100100111111000111111001001000111111111011111111100010010011111100011111100100100011111111101111111110
1110000001100010001110011101110011100010001100000011111000000110001000111001110111001110001000110000001111100000011
1100110000110001111000001111100000111100011000011001110011000011000111100000111110000011110001100001100111001100001
1001111000011000011000100111001000110000110000111100100111100001100001100010011100100011000011000011110010011110000
1101001100001100001100010010010001100001100001100101110100110000110000110001001001000110000110000110010111010011000
1001000110000110000110010111010011000011000011000100100100011000011000011001011101001100001100001100010010010001100
1100100011000011000011110010011110000110000110001001110010001100001100001111001001111000011000011000100111001000110
1110000011110001100001100111001100001100011110000011111000001111000110000110011100110000110001111000001111100000111
0111001110001000110000001111100000011000100011100111011100111000100011000000111110000001100010001110011101110011100
0011111100100100011111111101111111110001001001111110001111110010010001111111110111111111000100100111111000111111001
0001111000011100001111111000111111100001110000111100000111100001110000111111100011111110000111000011110000011110000
