00000011110001111000000
00000111111011111100000
00001111111111111110000
00001110001110001110000
00111100110101100111100
01111001111011110011110
11110001111011110001111
11100110111011101100111
11101111011011011110111
11101111100100111110111
01110111101110111101110
00111000011111000011100
01110111101110111101110
11101111100100111110111
11101111011011011110111
11100110111011101100111
11110001111011110001111
01111001111011110011110
00111100110101100111100
00001110001110001110000
00001111111111111110000
00000111111011111100000
00000011110001111000000
