100111111111111111101000101111111111111111001
011000000000000000010101010000000000000000110
010000000000000000110010011000000000000000010
100000000000000001111101111100000000000000001
100011100000000000011010110000000000001110001
100010110001110000010010010000011100011010001
100011011011111000000010000000111110110110001
100001101011111100000010000001111110101100001
100000110111001100100010001001100111011000001
100000001011000100010010010001000110100000001
100000111101000000011010110000000101111000001
100001111110100001001111100100001011111100001
100001110001010011000111000110010100011100001
100001110000101111000010000111101000011100001
100000111000010111000000000111010000111000001
100000011100011011000010000110110001110000001
100000000000111101000101000101111000000000001
100100000001111110101010101011111100000001001
101100001000000001010101010100000000100001101
011111000110000000101010101000000011000111110
100110000011000001010010010100000110000011001
010100000001100010100010001010001100000001010
001011111111110101011101110101011111111110100
010100000001100010100010001010001100000001010
100110000011000001010010010100000110000011001
011111000110000000101010101000000011000111110
101100001000000001010101010100000000100001101
100100000001111110101010101011111100000001001
100000000000111101000101000101111000000000001
100000011100011011000010000110110001110000001
100000111000010111000000000111010000111000001
100001110000101111000010000111101000011100001
100001110001010011000111000110010100011100001
100001111110100001001111100100001011111100001
100000111101000000011010110000000101111000001
100000001011000100010010010001000110100000001
100000110111001100100010001001100111011000001
100001101011111100000010000001111110101100001
100011011011111000000010000000111110110110001
100010110001110000010010010000011100011010001
100011100000000000011010110000000000001110001
100000000000000001111101111100000000000000001
010000000000000000110010011000000000000000010
011000000000000000010101010000000000000000110
100111111111111111101000101111111111111111001
