000000000000001000000000000010000000000000100000000000000
000000000001001100000001100101001100000001100100000000000
001010000010001010000010011010110010000010100010000010100
000100100011001001000101101010101101000100100110001001000
001010110010101000100010100101001010001000101010011010100
000001001010101000010000100101001000010000101010100100000
000110101010101000001000110101011000100000101010101011000
000010010010101000000100110101011001000000101010010010000
000001101001001000100010011111110010001000100100101100000
000000000110001000110001000111000100011000100011000000000
001111110110010100101001010010010100101001010011011111100
010100001001101010100101011010110101001010101100100001010
000011110001001101101011010111010110101101100100011110000
000000000010001010101101010010010101101010100010000000000
111111111101111001001010010000010010100100111101111111111
010000000010100000101001010000010100101000001010000000010
001000000001010000101000101000101000101000010100000000100
000100000000101000101000010101010000101000101000000001000
000010001111110111101001001010100100101111011111100010000
000001000100000000001001100101001100100000000001000100000
000000100010111111110101010101010101011111111010001000000
000100010001010000001011001101100110100000010100010001000
001010001000101000000101000101000101000000101000100010100
010100000111110100111110010010010011111001011111000001010
010111110000000010010000011010110000010010000000011111010
001000111011111101001001111101111100100101111110111000100
001100001001000010100100110111011001001010000100100001100
010011111100100001011110011010110011110100001001111110010
101100001111110000100001101101101100001000011111100001101
010011111100100001011110011010110011110100001001111110010
001100001001000010100100110111011001001010000100100001100
001000111011111101001001111101111100100101111110111000100
010111110000000010010000011010110000010010000000011111010
010100000111110100111110010010010011111001011111000001010
001010001000101000000101000101000101000000101000100010100
000100010001010000001011001101100110100000010100010001000
000000100010111111110101010101010101011111111010001000000
000001000100000000001001100101001100100000000001000100000
000010001111110111101001001010100100101111011111100010000
000100000000101000101000010101010000101000101000000001000
001000000001010000101000101000101000101000010100000000100
010000000010100000101001010000010100101000001010000000010
111111111101111001001010010000010010100100111101111111111
000000000010001010101101010010010101101010100010000000000
000011110001001101101011010111010110101101100100011110000
010100001001101010100101011010110101001010101100100001010
001111110110010100101001010010010100101001010011011111100
000000000110001000110001000111000100011000100011000000000
000001101001001000100010011111110010001000100100101100000
000010010010101000000100110101011001000000101010010010000
000110101010101000001000110101011000100000101010101011000
000001001010101000010000100101001000010000101010100100000
001010110010101000100010100101001010001000101010011010100
000100100011001001000101101010101101000100100110001001000
001010000010001010000010011010110010000010100010000010100
000000000001001100000001100101001100000001100100000000000
000000000000001000000000000010000000000000100000000000000
