1000000101100000000011100011100000000011010000001000000101100000000011100011100000000011010000001000000101100000000
1100001101100000100111110111110010000011011000011100001101100000100111110111110010000011011000011100001101100000100
1100001110000001111000001000001111000000111000011100001110000001111000001000001111000000111000011100001110000001111
0010001111100000110000001000000110000011111000100010001111100000110000001000000110000011111000100010001111100000110
1110001111000001111000001000001111000001111000111110001111000001111000001000001111000001111000111110001111000001111
1100010000000001010000111110000101000000000100011100010000000001010000111110000101000000000100011100010000000001010
1000100100001010000001111111000000101000010010001000100100001010000001111111000000101000010010001000100100001010000
1001001100011111000011111111100001111100011001001001001100011111000011111111100001111100011001001001001100011111000
1010011100011111000111111111110001111100011100101010011100011111000111111111110001111100011100101010011100011111000
1111111000100010001111111111111000100010001111111111111000100010001111111111111000100010001111111111111000100010001
1111110001111100011100101010011100011111000111111111110001111100011100101010011100011111000111111111110001111100011
1111100001111100011001001001001100011111000011111111100001111100011001001001001100011111000011111111100001111100011
1111000000101000010010001000100100001010000001111111000000101000010010001000100100001010000001111111000000101000010
1110000101000000000100011100010000000001010000111110000101000000000100011100010000000001010000111110000101000000000
1000001111000001111000111110001111000001111000001000001111000001111000111110001111000001111000001000001111000001111
1000000110000011111000100010001111100000110000001000000110000011111000100010001111100000110000001000000110000011111
1000001111000000111000011100001110000001111000001000001111000000111000011100001110000001111000001000001111000000111
0111110100000011011000011100001101100000010111110111110100000011011000011100001101100000010111110111110100000011011
0011100000000011010000001000000101100000000011100011100000000011010000001000000101100000000011100011100000000011010
