0011111110100000101111111000111111101000001011111110001111111010000010111111100011111110100000101111111000111111101
0111001100110101100110011101110011001101011001100111011100110011010110011001110111001100110101100110011101110011001
1100000000111011100000000111000000001110111000000001110000000011101110000000011100000000111011100000000111000000001
1000000111011011011100000010000001110110110111000000100000011101101101110000001000000111011011011100000010000001110
1100010011101010111001000111000100111010101110010001110001001110101011100100011100010011101010111001000111000100111
0110111001110101110011101101101110011101011100111011011011100111010111001110110110111001110101110011101101101110011
0011111110001110001111111000111111100011100011111110001111111000111000111111100011111110001110001111111000111111100
0110111001110101110011101101101110011101011100111011011011100111010111001110110110111001110101110011101101101110011
1100010011101010111001000111000100111010101110010001110001001110101011100100011100010011101010111001000111000100111
1000000111011011011100000010000001110110110111000000100000011101101101110000001000000111011011011100000010000001110
1100000000111011100000000111000000001110111000000001110000000011101110000000011100000000111011100000000111000000001
0111001100110101100110011101110011001101011001100111011100110011010110011001110111001100110101100110011101110011001
0011111110100000101111111000111111101000001011111110001111111010000010111111100011111110100000101111111000111111101
