0000100000000000000010000000000000001000000000000000100000000000000010000000000000001000000000000000100000000000000
0001110000000000000111000000000000011100000000000001110000000000000111000000000000011100000000000001110000000000000
0011011000000000001101100000000000110110000000000011011000000000001101100000000000110110000000000011011000000000001
0001110000000000000111000000000000011100000000000001110000000000000111000000000000011100000000000001110000000000000
1000100010000000100010001000000010001000100000001000100010000000100010001000000010001000100000001000100010000000100
1100100111000001110010011100000111001001110000011100100111000001110010011100000111001001110000011100100111000001110
0111111101100011011111110110001101111111011000110111111101100011011111110110001101111111011000110111111101100011011
1100100111000001110010011100000111001001110000011100100111000001110010011100000111001001110000011100100111000001110
1000100010001000100010001000100010001000100010001000100010001000100010001000100010001000100010001000100010001000100
0001110000011100000111000001110000011100000111000001110000011100000111000001110000011100000111000001110000011100000
0011011000110110001101100011011000110110001101100011011000110110001101100011011000110110001101100011011000110110001
1110001111100011111000111110001111100011111000111110001111100011111000111110001111100011111000111110001111100011111
