0000000000010001000100000000000000000111111111111111110000000000000000010001000100000000000000000111111111111111110
1111000000001011101000000001111000001000010001000100001000001111000000001011101000000001111000001000010001000100001
1001000000000101010000000001001000010001010011100101000100001001000000000101010000000001001000010001010011100101000
1001000011010010100101100001001000100010010101010100100010001001000011010010100101100001001000100010010101010100100
1111111011011010101101101111111111000001100101010011000001111111111011011010101101101111111111000001100101010011000
1001001000111010101110001001001001000000001011101000000001001001001000111010101110001001001001000000001011101000000
1001001011111010101111101001001001000000000101010000000001001001001011111010101111101001001001000000000101010000000
1111111001111010101111001111111111111001111010101111001111111111111001111010101111001111111111111001111010101111001
1001000000000101010000000001001001001011111010101111101001001001000000000101010000000001001001001011111010101111101
1001000000001011101000000001001001001000111010101110001001001001000000001011101000000001001001001000111010101110001
1111000001100101010011000001111111111011011010101101101111111111000001100101010011000001111111111011011010101101101
0000100010010101010100100010001001000011010010100101100001001000100010010101010100100010001001000011010010100101100
0000010001010011100101000100001001000000000101010000000001001000010001010011100101000100001001000000000101010000000
0000001000010001000100001000001111000000001011101000000001111000001000010001000100001000001111000000001011101000000
0000000111111111111111110000000000000000010001000100000000000000000111111111111111110000000000000000010001000100000
