1001001000100000000000000000001000100100100000000000100100100010000000000000000000100010010010000000000010010010001
0100100101110000000010000000011101001001000000100000010010010111000000001000000001110100100100000010000001001001011
0111111111011100000111000001110111111111000001110000011111111101110000011100000111011111111100000111000001111111110
0000000001110000001111100000011100000000000011111000000000000111000000111110000001110000000000001111100000000000011
0111111111110000000111000000011111111111000001110000011111111111000000011100000001111111111100000111000001111111111
0100100101110000010010010000011101001001000100100100010010010111000001001001000001110100100100010010010001001001011
1001001001110000101010101000011100100100101010101010100100100111000010101010100001110010010010101010101010010010011
0000000001111000010111010000111100000000000101110100000000000111100001011101000011110000000000010111010000000000011
0011111111111100001010100001111111111110000010101000001111111111110000101010000111111111111000001010100000111111111
0111111111111100000111000001111111111111000001110000011111111111110000011100000111111111111100000111000001111111111
1010111111111000000010000000111111111010100000100000101011111111100000001000000011111111101010000010000010101111111
0010100000100100000010000001001000001010000000100000001010000010010000001000000100100000101000000010000000101000001
0010010000010010000111000010010000010010000001110000001001000001001000011100001001000001001000000111000000100100000
0000001000001001001111100100100000100000000011111000000000100000100100111110010010000010000000001111100000000010000
