1111111111111111111111111111111111111111111111111111111111111111111111111111111111111111111111111111111111111111111
1010000111010111000010100001110101110000101000011101011100001010000111010111000010100001110101110000101000011101011
1110001011010110100011100010110101101000111000101101011010001110001011010110100011100010110101101000111000101101011
1010010001010100010010100100010101000100101001000101010001001010010001010100010010100100010101000100101001000101010
1110101010101010101011101010101010101010111010101010101010101110101010101010101011101010101010101010111010101010101
1011000100010001000110110001000100010001101100010001000100011011000100010001000110110001000100010001101100010001000
1110101010101010101011101010101010101010111010101010101010101110101010101010101011101010101010101010111010101010101
1010010001010100010010100100010101000100101001000101010001001010010001010100010010100100010101000100101001000101010
1110001011010110100011100010110101101000111000101101011010001110001011010110100011100010110101101000111000101101011
1010000111010111000010100001110101110000101000011101011100001010000111010111000010100001110101110000101000011101011
1111111111111111111111111111111111111111111111111111111111111111111111111111111111111111111111111111111111111111111
