0000000000000000000000010011001001100100000000000000000000000
0000000000000000000000001001010101001000000000000000000000000
0000000000000000000000000101010101010000000000000000000000000
0000000000000000000000001011110111101000000000000000000000000
0000000000000000000000010010110110100100000000000000000000000
0000000000000000000000110010010100100110000000000000000000000
0000000000000000000001110011010101100111000000000000000000000
0000000000000000000000110011110111100110000000000000000000000
0000000000111111000000010010110110100100000001111110000000000
0000000001111111100000001110011100111000000011111111000000000
0000000011111111110000000001101011000000000111111111100000000
0000000111000000111000000100110110010000001110000001110000000
0000001100111000001100001110001000111000011000001110011000000
0000001101001110001100011111001001111100011000111001011000000
0000000100100011111100111111101011111110011111100010010000000
0000000011100000001100100000111110000010011000000011100000000
0000000001000000111100010000011100000100011110000001000000000
0000001000000000111100000011001001100000011110000000001000000
0000011100000001111000000111101011110000001111000000011100000
0000111110000011100000001001101011001000000011100000111110000
0000100011100111011111110000111110000111111101110011100010000
0001100011110110011111111100111110011111111100110111100011000
0000101011111110111000001100011100011000001110111111101010000
0000011011111001110011110110010100110111100111001111101100000
0000000011111011110111110011001001100111110111101111100000000
0000000001111011101111100011001001100011111011101111000000000
0000000000111011011111000010001000100001111101101110000000000
0000001100111010111110000100010100010000111110101110011000000
0000010010111001111100000000010100000000011111001110100100000
0000001001111011111001000001110111000001001111101111001000000
0000010100111011110011100110001000110011100111101110010100000
0000001001111011100111110110010100110111110011101111001000000
0000010010111011101111101111001001111011111011101110100100000
0000001100111011101111101111011101111011111011101110011000000
0000000000011011101111101111011101111011111011101100000000000
0000000000111011101111101111011101111011111011101110000000000
0000000001101101110111100111011101110011110111011011000000000
0000001011100110111011110011001001100111101110110011101000000
0000010011000000011100111001110111001110011100000001100100000
0000010010000000001111011100011100011101111000000000100100000
0000001100000000000011101111101011111011100000000000011000000
0000001110111000000001110011001001100111000000001110111000000
0000001110111011100000000001001001000000000011101110111000000
0001100101010111100000000000101010000000000011110101010011000
0011111011100111100000000000101010000000000011110011101111100
1111011101110100000000000001001001000000000000010111011101111
1001100010110011110000000011001001100000000111100110100011001
1000110010110111111000000001001001000000001111110110100110001
0100011100110111111100000000101010000000011111110110011100010
0000000001101000000000110001011101000110000000001011000000000
0000111111011110000001001001101011001001000000111101111110000
0111000000011111000011000011101011100001100001111100000001110
1110111101101111100111000111001001110001110011111011011110111
1110111011101111110110001110010100111000110111111011101110111
1110110111110111110100011100101010011100010111110111110110111
0110111011111011101000111001010101001110001011101111101110110
0000111000111100011101110011001001100111011100011110001110000
0000110011001110001011100111001001110011101000111001100110000
0000000111100000001001110011001001100111001000000011110000000
0000001111111011111110111001010101001110111111101111111000000
0001011011100111111111011100101010011101111111110011101101000
0010011001001110000111101110010100111011110000111001001100100
0110011000011000000011110111001001110111100000001100001100110
0011011100110000000001111011101011101111000000000110011101100
0001101111110010000000111101101011011110000000100111111011000
0000111111010111000000011110101010111100000001110101111110000
0000000000001111101000011110101010111100001011111000000000000
0000000000000111001101111110101010111111011001110000000000000
0000000000000010001111111100111110011111111000100000000000000
0000000000000000000111111111110111111111110000000000000000000
