0000011111111100000000111100000111100000111100000111100000000111111111000000001111000001111000001111000001111000000
0000111111111110000001111111001111110001111110011111110000001111111111100000011111110011111100011111100111111100000
0001100000000011000011101010011001111011110011001010111000011000000000110000111010100110011110111100110010101110000
0011000001000001100110101100110011001110011001100110101100110000010000011001101011001100110011100110011001101011001
1110000011100000111100111001100110011011001100110011100111100000111000001111001110011001100110110011001100111001111
1100000110110000011100010011001100111011100110011001000111000001101100000111000100110011001110111001100110010001110
1000101110111010001000000110011001101010110011001100000010001011101110100010000001100110011010101100110011000000100
1001110110110111001000001100110011011011011001100110000010011101101101110010000011001100110110110110011001100000100
1011011010101101101000011000100110111011101100100011000010110110101011011010000110001001101110111011001000110000101
1001101110111011001000110000101101101010110110100001100010011011101110110010001100001011011010101101101000011000100
1100110110110110011001100000100111011011011100100000110011001101101101100110011000001001110110110111001000001100110
0110011010101100110011000000100010111011101000100000011001100110101011001100110000001000101110111010001000000110011
0011001110111001100110010001110000011011000001110001001100110011101110011001100100011100000110110000011100010011001
1001100111110011001100111001111000001110000011110011100110011001111100110011001110011110000011100000111100111001100
1100110011100110011001101011001100000100000110011010110011001100111001100110011010110011000001000001100110101100110
0110011110111100110010101110000110000000001100001110101001100111101111001100101011100001100000000011000011101010011
0011111100011111100111111100000011111111111000000111111100111111000111111001111111000000111111111110000001111111001
0001111000001111000001111000000001111111110000000011110000011110000011110000011110000000111111111100000000111100000
