00010001000000001000100000100010000000010001000
00010001000000010001010001000101000000010001000
00010001000000100010001010001000100000010001000
11110001111111000101000100010100011111110001111
00010001000000001000100000100010000000010001000
00010001000000010000010001000001000000010001000
00010001000000100000001010000000100000010001000
11110001111111000000000100000000011111110001111
00010001000000000000000000000000000000010001000
00010001000011110000000100000001111000010001000
00010001000010010000001110000001001000010001000
00010001000010010000010101000001001000010001000
00010001011111111110010101001111111111010001000
00010001010010010010011011001001001001010001000
00100010010010010010110001101001001001001000100
01000100011111111111111011111111111111000100010
10001000000010011001101110110011001000000010001
01010000000010010101110101110101001000000001000
00100000000011110010111111101001111000000000100
00010000000000011101000100010111000000000001010
10001000000000111110110101101111100000000010001
01000100000111110110101110101101111100000100010
00100010001001011010011011001011010010001000100
00010001011110001111110001111110001111010001000
00100010001001011010011011001011010010001000100
01000100000111110110101110101101111100000100010
10001000000000111110110101101111100000000010001
01010000000000011101000100010111000000000001000
00100000000011110010111111101001111000000000100
00010000000010010101110101110101001000000001010
10001000000010011001101110110011001000000010001
01000100011111111111111011111111111111000100010
00100010010010010010110001101001001001001000100
00010001010010010010011011001001001001010001000
00010001011111111110010101001111111111010001000
00010001000010010000010101000001001000010001000
00010001000010010000001110000001001000010001000
00010001000011110000000100000001111000010001000
00010001000000000000000000000000000000010001000
11110001111111000000000100000000011111110001111
00010001000000100000001010000000100000010001000
00010001000000010000010001000001000000010001000
00010001000000001000100000100010000000010001000
11110001111111000101000100010100011111110001111
00010001000000100010001010001000100000010001000
00010001000000010001010001000101000000010001000
00010001000000001000100000100010000000010001000
