11111100000000011111111111000000000111111
10001011111111101000100010111111111010001
10010100000000010100100101000000000101001
10101001000001001010101010010000010010101
11010001100011000101110100011000110001011
10100001110111000010101000011101110000101
01000001111111000001010000011111110000010
01011110001000111101010111100010001111010
01001110011100111001010011100111001110010
01000110110110110001010001101101101100010
01000011100011100001010000111000111000010
01000110110110110001010001101101101100010
01001110011100111001010011100111001110010
01011110001000111101010111100010001111010
01000001111111000001010000011111110000010
10100001110111000010101000011101110000101
11010001100011000101110100011000110001011
10101001000001001010101010010000010010101
10010100000000010100100101000000000101001
10001011111111101000100010111111111010001
11111100000000011111111111000000000111111
10001011111111101000100010111111111010001
10010100000000010100100101000000000101001
10101001000001001010101010010000010010101
11010001100011000101110100011000110001011
10100001110111000010101000011101110000101
01000001111111000001010000011111110000010
01011110001000111101010111100010001111010
01001110011100111001010011100111001110010
01000110110110110001010001101101101100010
01000011100011100001010000111000111000010
01000110110110110001010001101101101100010
01001110011100111001010011100111001110010
01011110001000111101010111100010001111010
01000001111111000001010000011111110000010
10100001110111000010101000011101110000101
11010001100011000101110100011000110001011
10101001000001001010101010010000010010101
10010100000000010100100101000000000101001
10001011111111101000100010111111111010001
11111100000000011111111111000000000111111
