0000000000000000000000000000000000000001111111000001111111000000000000000000000000000000000000000
0000000000000000000000000000000000000011111111100011111111100000000000000000000000000000000000000
0000000000000000000000000000000000111011111111110111111111101110000000000000000000000000000000000
0000000000000000000000000000000001111101111100110110011111011111000000000000000000000000000000000
0000000000001110000000000000000011111000011011010101101100001111100000000000000000111000000000000
0000000000011111000000000000000011110011000111100011110001100111100000000000000001111100000000000
0000000000111111000000000000000011110111101111011101111011110111100000000000000001111110000000000
0000000000101111100000000000000011110111101110100010111011110111100000000000000011111010000000000
0000000000001111100000000000000011110111110110100010110111110111100000000000000011111000000000000
0000000000001111110000000000000011110111111010100010101111110111100000000000000111111000000000000
0000000000001111110000000000000011110111111000011100001111110111100000000000000111111000000000000
0000100000001111110000000000000011110111110111100011110111110111100000000000000111111000000010000
0000100000001111111000001110000011110111101111111111111011110111100000111000001111111000000010000
0000111000001111111000011111000001111011101111111111111011101111000001111100001111111000001110000
0000011111100111111000111111100000111011101111111111111011101110000011111110001111110011111100000
0000011111110111111001111111111000011100110111111111110110011100001111111111001111110111111100000
0000011111111011111011111111111111000111011011111111101101110001111111111111101111101111111100000
0000001111111101111011111111111000000000001100111110011000000000001111111111101111011111111000000
0000000111111101110111111111000000000000000111001001110000000000000001111111110111011111110000000
0000000011111110100111111110000000000000000000101010000000000000000000111111110010111111100000000
0001110001111110101111111000000000000000000011010101100000000000000000001111111010111111000111000
0000111000000000101111110111100000000010000111010101110000100000000011110111111010000000001110000
0000111100011110011111001111110000000001111110101010111111000000000111111001111100111100011110000
0000011111111111000000111111111000001000111100101010011110001000001111111110000001111111111100000
0000011111111111011111011111111100000100000001001001000000010000011111111101111101111111111100000
0000001111111111011111101111111110000011100000001000000011100000111111111011111101111111111000000
0000011111111111011111110111111110000011100000001000000011100000111111110111111101111111111100000
0000111111111110101111111011111111000011011110001000111101100001111111101111111010111111111110000
0000011111111101101111111100001111100000101111001001111010000011111000011111111011011111111100000
0000001111111011110111111100000111110000110111101011110110000111110000011111110111101111111000000
0000011111110111110111111110000001111000111011101011101110001111000000111111110111110111111100000
0000001111110111110011111111000000111100111101101011011110011110000001111111100111110111111000000
0000001111101111110001111111000000011110011111001001111100111100000001111111000111111011111000000
0000000111011111110000111111000000001111001110101010111001111000000001111110000111111101110000000
0000000010111111110000011111000000000111100000101010000011110000000001111100000111111110100000000
0000000010111111100000111110000000000001110000011100000111000000000000111110000011111110100000000
0000000000111111000000011100000000111000111000001000001110001110000000011100000001111110000000000
0000000000011110000000001000000001101100011100001000011100011011000000001000000000111100000000000
0000000000001100000000000000100011001100000110001000110000011001100010000000000000011000000000000
0000000000000110000000000000010110001111000011011101100001111000110100000000000000110000000000000
0000000000000000000000000000001001101110000001011101000000111011001000000000000000000000000000000
0000000000000000000001111000010110101100000000111110000000011010110100001111000000000000000000000
0000000000000000000011100000110111001110000000110110000000111001110110000011100000000000000000000
0000000000000000000111000001101010010111000000110110000001110100101011000001110000000000000000000
0000000111111100000110000011001100111011100000110110000011101110011001100000110000011111110000000
0000001111111110000110000010000001101101110001110111000111011011000000100000110000111111111000000
0000001110000111000110000011111110110110110001101011000110110110111111100000110001110000111000000
0000011100000000000110000001111111011010100001101011000010101101111111000000110000000000011100000
0000111100111111000011000000011011101110100001101011000010111011101100000001100001111110011110000
0001110001111111100001100000010001110001000001101011000001000111000100000011000011111111000111000
0011100111110000100000110000000000111110100001101011000010111110000000000110000010000111110011100
0011101111100110110000010000000000011000010001101011000100001100000000000100000110110011111011100
0011101111000110010001111111100000000000001001101011001000000000000011111111000100110001111011100
0011101110001110000110000000110000000000000110110110110000000000000110000000110000111000111011100
0011101110000000111111000000011100000000000011010101100000000000011100000001111110000000111011100
0011101110000111111111000000000011000000010001101011000100000001100000000001111111110000111011100
0011100110111111111111000000000000100000001000101010001000000010000000000001111111111110110011100
0001110001111111111110000000000000010000001100011100011000000100000000000000111111111111000111000
0000111101111111111100000000000000001000000110001000110000001000000000000000011111111111011110000
0010011101111111111001110000000000001000000110001000110000001000000000000111001111111111011100100
0111100001111111110000011000100001110100000011001001100000010111000010001100000111111111000011110
0010011001111111110111001100010110000010000011001001100000100000110100011001110111111111001100100
0000100000111111100011001100001100000001000001001001000001000000011000011001100011111110000010000
0001000010011111000011001100000000000000100001001001000010000000000000011001100001111100100001000
1010000111001110110000001100000000000000010000001000000100000000000000011000000110111001110000101
1111001110000000111000001100000000000011001000001000001001100000000000011000001110000000111001111
0110011101001100011111111000000000000101100100001000010011010000000000001111111100011001011100110
1100111100101110001111110000000000000000000010001000100000000000000000000111111000111010011110011
1001111000101110000111100000000000001111110001001001000111111000000000000011110000111010001111001
0011111000101111000000000000000000011000111001001001001110001100000000000000000001111010001111100
0011110000101111100110000000000000100000001110101010111000000010000000000000110011111010000111100
0001100000010111111110000000000000000000100000011100000010000000000000000000111111110100000011000
0000000000100011111100000000000000000000011110011100111100000000000000000000011111100010000000000
0000000101010001111000000000011111111111001111001001111001111111111100000000001111000101010000000
0000000110001000000000000000111111111111100111101011110011111111111110000000000000001000110000000
0000000011100101000000000001101110001111110011101011100111111000111011000000000001010011100000000
0000000000000011000001000011011100000000111001101011001110000000011101100001000001100000000000000
0000000000000010000001000011011000000000011101101011011100000000001101100001000000100000000000000
0000000000000000000010000011010000000000001100101010011000000000000101100000100000000000000000000
0000001100000000000010000011010000000001001100111110011001000000000101100000100000000000011000000
0000010011100000011010000011010000000011101101110111011011100000000101100000101100000011100100000
0000000001110001100100000011010000000110101111111111111010110000000101100000010011000111000000000
0000000000001110001010000011010000000110001111001001111000110000000101100000101000111000000000000
0000000000000000010010000001010000000111111101100011011111110000000101000000100100000000000000000
0000000000000000100011000001011000000011111000111110001111100000001101000001100010000000000000000
0000000011100001000111000000101100000001110000011100000111000000011010000001110001000011100000000
0000000111110110001010100011110110000000000000011100000000000000110111100010101000110111110000000
0000000111110000011010010001111011000000011110011100111100000001101111000100101100000111110000000
0000011011101100011010001000111101100000111111111111111110000011011110001000101100011011101100000
0000111101011110110010001110011110110011111111010101111111100110111100111000100110111101011110000
0000111110111110100010000111001111110110001001101011001000110111111001110000100010111110111110000
0000111101011110000010000011100101110110100011010101100010110111010011100000100000111101011110000
0000011011101100000010000001100001110110110110110110110110110111000011000000100000011011101100000
0000000111110000000010000000000000110110110110110110110110110110000000000000100000000111110000000
0000000111110000000010000000000010010110110110110110110110110100100000000000100000000111110000000
0000000011100000000111000000000111010110110110110110110110110101110000000001110000000011100000000
0000000000000000001010100000001001011010110110110110110110101101001000000010101000000000000000000
0000000000000000111010110000011010011010110110110110110110101100101100000110101110000000000000000
0000000000000011110101010000001111110010110110110110110110100111111000000101010111100000000000000
0000000000000111100101011111000111100010110110110110110110100011110001111101010011110000000000000
0000000000001111000100101111100011000010010011011101100100100001100011111010010001111000000000000
0000000000011100000100100111110000000001001001011101001001000000000111110010010000011100000000000
0000000000100000001000010000111000000000100100011100010010000000001110000100001000000010000000000
0000000000000000001000101000011100000000010011001001100100000000011100001010001000000000000000000
0000000000000000010001100100000000000000001100101010011000000000000000010011000100000000000000000
0000000000000000100001100010111000000000000010010100100000000000001110100011000010000000000000000
0000000011100001000011000001111100000000000001111111000000000000011111000001100001000011100000000
0000000111110110000111000001111100000000000000011100000000000000011111000001110000110111110000000
0000000111110000000110000110111011000000000000011100000000000001101110110000110000000111110000000
0000011011101100000100001111010111100000000000011100000000000011110101111000010000011011101100000
0000111101011110000000001111101111100000000111111111110000000011111011111000000000111101011110000
0000111110111110000000001111010111100000001111111111111000000011110101111000000000111110111110000
0000111101011110000000000110111011000000011111011101111100000001101110110000000000111101011110000
0000011011101100000000000001111100000000111111100011111110000000011111000000000000011011101100000
0000000111110000000000000001111100000000011111111111111100000000011111000000000000000111110000000
0000000111110000000000000000111000000000001111111111111000000000001110000000000000000111110000000
0000000011100000000000000000000000000000000000000000000000000000000000000000000000000011100000000
