1111111111111111111111111111111111111111111111111111111111111111111111111111111111111111111111111111111111111111111
0000111111100000001111111000000011111110000000111111100000001111111000000011111110000000111111100000001111111000000
1000011111000010000111110000100001111100001000011111000010000111110000100001111100001000011111000010000111110000100
1100001110000111000011100001110000111000011100001110000111000011100001110000111000011100001110000111000011100001110
1110000100001111100001000011111000010000111110000100001111100001000011111000010000111110000100001111100001000011111
1100000000000111000000000001110000000000011100000000000111000000000001110000000000011100000000000111000000000001110
1001000000010010010000000100100100000001001001000000010010010000000100100100000001001001000000010010010000000100100
1011100000111010111000001110101110000011101011100000111010111000001110101110000011101011100000111010111000001110101
1111110001111111111100011111111111000111111111110001111111111100011111111111000111111111110001111111111100011111111
1011100000111010111000001110101110000011101011100000111010111000001110101110000011101011100000111010111000001110101
1001000100010010010001000100100100010001001001000100010010010001000100100100010001001001000100010010010001000100100
1000001110000010000011100000100000111000001000001110000010000011100000100000111000001000001110000010000011100000100
1100011111000111000111110001110001111100011100011111000111000111110001110001111100011100011111000111000111110001110
1110111111101111101111111011111011111110111110111111101111101111111011111011111110111110111111101111101111111011111
1111111111111111111111111111111111111111111111111111111111111111111111111111111111111111111111111111111111111111111
