00110001100100010111111011111101000100110001100
01101011001000100010101110101000100010011010110
11011110010001000000100100100000010001001111011
10110100100011111111011111011111111000100101101
01100001000000000000100100100000000000010000110
00110010000000000000101110100000000000001001100
01100101111111111000100100100011111111110100110
11001010000000000100100000100100000000001010011
10010010110110110100100100100101101101101001001
00100010101001010100101010100101010010101000100
01000010010110100100110001100100101101001000010
10000010101111010100100000100101011110101000001
00010010101111010100000100000101011110101001000
00110010010110100100001010000100101101001001100
01010010101001010100010001000101010010101001010
10010010110110110100100100100101101101101001001
00010010000000000101001110010100000000001001000
10010001111111111010011011001011111111110001001
11010000000000000100110001100100000000000001011
10010000000000001000011011000010000000000001001
11101111111100010010110101101001000111111110111
10010000001000100111101110111100100010000001001
11010100010001001101011011010110010001000101011
01111110100010011000110001100011001000101111110
11010100010001001101011011010110010001000101011
10010000001000100111101110111100100010000001001
11101111111100010010110101101001000111111110111
10010000000000001000011011000010000000000001001
11010000000000000100110001100100000000000001011
10010001111111111010011011001011111111110001001
00010010000000000101001110010100000000001001000
10010010110110110100100100100101101101101001001
01010010101001010100010001000101010010101001010
00110010010110100100001010000100101101001001100
00010010101111010100000100000101011110101001000
10000010101111010100100000100101011110101000001
01000010010110100100110001100100101101001000010
00100010101001010100101010100101010010101000100
10010010110110110100100100100101101101101001001
11001010000000000100100000100100000000001010011
01100101111111111000100100100011111111110100110
00110010000000000000101110100000000000001001100
01100001000000000000100100100000000000010000110
10110100100011111111011111011111111000100101101
11011110010001000000100100100000010001001111011
01101011001000100010101110101000100010011010110
00110001100100010111111011111101000100110001100
