11111111111111111111111111111111111111111111111111111
11101110001000001000000110001100000010000010001110111
11101010011100011100000111011100000111000111001010111
10011010111110111110011011011011001111101111101011001
11111000011100011100011101010111000111000111000011111
11000100001001001001001110101110010010010010000100011
11110011111111111111110001110001111111111111111001111
10000010000001000001001110101110010000010000001000001
10010010000000000000011101010111000000000000001001001
10111010011100011100011011011011000111000111001011101
11111110011110111110000111011100001111101111001111111
10111010011111111111000110101100011111111111001011101
10010010001111111111000000100000011111111110001001001
10000111000111110011000000100000011001111100011100001
10010010001111110010000000100000001001111110001001001
10111010011111111000000010101000000011111111001011101
11111110011110011100010111111101000111001111001111111
10111010011110001110110011111001101110001111001011101
10010010001111100111110001110001111100111110001001001
10000111000111000011110000100001111000011100011100001
10000010000000000111110001110001111100000000001000001
10011010110000001111111011111011111110000001101011001
10011101110000000000011111111111000000000001110111001
11101101101100001000001110101110000010000110110110111
11110101011100011100011100100111000111000111010101111
10111010111000001110111000100011101110000011101011101
10000111000111111111111111011111111111111100011100001
10111010111000001110111000100011101110000011101011101
11110101011100011100011100100111000111000111010101111
11101101101100001000001110101110000010000110110110111
10011101110000000000011111111111000000000001110111001
10011010110000001111111011111011111110000001101011001
10000010000000000111110001110001111100000000001000001
10000111000111000011110000100001111000011100011100001
10010010001111100111110001110001111100111110001001001
10111010011110001110110011111001101110001111001011101
11111110011110011100010111111101000111001111001111111
10111010011111111000000010101000000011111111001011101
10010010001111110010000000100000001001111110001001001
10000111000111110011000000100000011001111100011100001
10010010001111111111000000100000011111111110001001001
10111010011111111111000110101100011111111111001011101
11111110011110111110000111011100001111101111001111111
10111010011100011100011011011011000111000111001011101
10010010000000000000011101010111000000000000001001001
10000010000001000001001110101110010000010000001000001
11110011111111111111110001110001111111111111111001111
11000100001001001001001110101110010010010010000100011
11111000011100011100011101010111000111000111000011111
10011010111110111110011011011011001111101111101011001
11101010011100011100000111011100000111000111001010111
11101110001000001000000110001100000010000010001110111
11111111111111111111111111111111111111111111111111111
