0001110000011100000110001100000111000001110000011110000110110110110000111100000111000001110000011000110000011100000
0011111000111110000111011100001111100011111000111111001101110111011001111110001111100011111000011101110000111110001
0110001101100011011011011011011000110110001101110011100110100010110011100111011000110110001101101101101101100011011
1100000111000011011101010111011000011100000111100001100011010101100011000011110000011100001101110101011101100001110
1000110011000110001110101110001100011001100011000001100001101011000011000001100011001100011000111010111000110001100
1001111001100000000001010000000000110011110011010001100110110110110011000101100111100110000000000101000000000011001
1011001100110000001110101110000001100110011011001111001111011101111001111001101100110011000000111010111000000110011
1011000110011000011101010111000011001100011011000000011111101011111100000001101100011001100001110101011100001100110
1011000110001100011011011011000110001100011011000000011011101011101100000001101100011000110001101101101100011000110
1001100110000110000111011100001100001100110011001111001001101011001001111001100110011000011000011101110000110000110
1000000110001011000110101100011010001100000011100001100100111110010011000011100000011000101100011010110001101000110
1100000110000101100000100000110100001100000110110001100000110110000011000110110000011000010110000010000011010000110
0110001100011100110001110001100111000110001100011111000001100011000001111100011000110001110011000111000110011100011
0011111000111100011111011111000111100011111000001111111111000001111111111000001111100011110001111101111100011110001
