1000011000001000011100001000001100001000011000001000011100001000001100001000011000001000011100001000001100001000011
1000011000001000011100001000001100001000011000001000011100001000001100001000011000001000011100001000001100001000011
1100111100010110001000110100011110011100111100010110001000110100011110011100111100010110001000110100011110011100111
1001100110011001010101001100110011001001100110011001010101001100110011001001100110011001010101001100110011001001100
1111001100111100100010011110011001111111001100111100100010011110011001111111001100111100100010011110011001111111001
1110011001111110010100111111001100111110011001111110010100111111001100111110011001111110010100111111001100111110011
1000110011111110001000111111100110001000110011111110001000111111100110001000110011111110001000111111100110001000110
1001100111111110001000111111110011001001100111111110001000111111110011001001100111111110001000111111110011001001100
1001001100101000001000001010011001001001001100101000001000001010011001001001001100101000001000001010011001001001001
1100011000101000011100001010001100011100011000101000011100001010001100011100011000101000011100001010001100011100011
0011110001010100111110010101000111100011110001010100111110010101000111100011110001010100111110010101000111100011110
