1000110010000000101000000111111101010101011111110000001010000000100110001100100000001010000001111111010101010111111
1101100111000001101100001000000010101010100000001000011011000001110011011001110000011011000010000000101010101000000
0010001001110000011100010111111101010101011111110100011100000111001000100010011100000111000101111111010101010111111
0111011101111001111100101111111110101010111111111010011111001111011101110111011110011111001011111111101010101111111
0010011101110100111101011100000000010100000000011101011110010111011100100111011101001111010111000000000101000000000
0111011001100010000010111011111111001001111111101110100000100011001101110110011000100000101110111111110010011111111
0010011010000001000101110100000011101011100000010111010001000000101100100110100000010001011101000000111010111000000
0111011000000000101011101000001101110111011000001011101010000000001101110110000000001010111010000011011101110110000
0010011010000101010111011100011000111110001100011101110101010000101100100110100001010101110111000110001111100011000
0111011111001110101110101110001101111111011000111010111010111001111101110111110011101011101011100011011111110110001
0111011110011100101110100111000111001001110001110010111010011100111101110111100111001011101001110001110010011100011
1111111100111000101110100011100000101010000011100010111010001110011111111111001110001011101000111000001010100000111
1111111001110000101110100001110011111111100111000010111010000111001111111110011100001011101000011100111111111001110
1010100000111000101110100011100111111111110011100010111010001110000010101000001110001011101000111001111111111100111
0010011100011100101110100111001111011101111001110010111010011100011100100111000111001011101001110011110111011110011
1111110110001110101110101110011111011101111100111010111010111000110111111101100011101011101011100111110111011111001
1111100011000111011101010100001011001001101000010101011101110001100011111000110001110111010101000010110010011010000
1101110110000010111010100000000011011101100000000010101110100000110111011101100000101110101000000000110111011000000
1010111000000101110100010000001011001001101000000100010111010000001110101110000001011101000100000010110010011010000
0010011111111011101000001000110011011101100110001000001011101111111100100111111110111010000010001100110111011001100
0101000000000111010111100101110111001001110111010011110101110000000001010000000001110101111001011101110010011101110
1010101111111110100111110011110111011101110111100111110010111111111010101011111111101001111100111101110111011101111
0101010111111101000111000001110010001000100111000001110001011111110101010101111111010001110000011100100010001001110
1010101000000010000110110000011100110110011100000110110000100000001010101010000000100001101100000111001101100111000
0101010111111100000010100000001001100011001000000010100000011111110101010101111111000000101000000010011000110010000
