0000100000010000010000001000000010000001000001000000100000001000000100000100000010000000100000010000010000001000000
0001110000011000110000011100000111000001100011000001110000011100000110001100000111000001110000011000110000011100000
0011111000011101110000111110001111100001110111000011111000111110000111011100001111100011111000011101110000111110001
0101110011101101101110011101010111001110110110111001110101011100111011011011100111010101110011101101101110011101010
1000100101110101011101001000100010010111010101110100100010001001011101010111010010001000100101110101011101001000100
1100001110111010111011100001110000111011101011101110000111000011101110101110111000011100001110111010111011100001110
1111111111000111000111111111111111111100011100011111111111111111110001110001111111111111111111000111000111111111111
1100001110111010111011100001110000111011101011101110000111000011101110101110111000011100001110111010111011100001110
1000100101110101011101001000100010010111010101110100100010001001011101010111010010001000100101110101011101001000100
0101110011101101101110011101010111001110110110111001110101011100111011011011100111010101110011101101101110011101010
0011111000011101110000111110001111100001110111000011111000111110000111011100001111100011111000011101110000111110001
0001110000011000110000011100000111000001100011000001110000011100000110001100000111000001110000011000110000011100000
0000100000010000010000001000000010000001000001000000100000001000000100000100000010000000100000010000010000001000000
