0000000001111111111111111111000000000
0000000010000111000001110000100000000
0000000111000010011100100001110000000
0000001111101000010110001011111000000
0000011111111001000011001111111100000
0000110000000011100001100000000110000
0001100110111111111111111110110011000
0011101000110000000000000110001011100
0111101000110101111111010110001011110
1100001001100110111110110011001000011
1001101011000101011101010001101011001
1000101110000100101010010000111010001
1001101000000100010100010000001011001
1011001011111100001000011111101001101
1110011001000010001000100001001100111
1100111010100001001001000010101110011
1001101011010000101010000101101011001
1011001011101000010100001011101001101
1010001011110111100011110111101000101
1011001011101000010100001011101001101
1000011011010000101010000101101100001
1100111010100001001001000010101110011
1110011001000010001000100001001100111
1011001011111100001000011111101001101
1001101000000100010100010000001011001
1000101110000100101010010000111010001
1001101011000101011101010001101011001
1100001001100110111110110011001000011
0111101000110101111111010110001011110
0011101000110000000000000110001011100
0001100110111111111111111110110011000
0000110000000011000011100000000110000
0000011111111001100001001111111100000
0000001111101000110100001011111000000
0000000111000010011100100001110000000
0000000010000111000001110000100000000
0000000001111111111111111111000000000
