0001111111101001111100101111111100000111111110100111110010111111110000011111111010011111001011111111000001111111101
0011000111001100111001100111000110001100011100110011100110011100011000110001110011001110011001110001100011000111001
0110000010001110010011100010000011011000001000111001001110001000001101100000100011100100111000100000110110000010001
1100000000001111000111100000000001110000000000111100011110000000000111000000000011110001111000000000011100000000001
1000000011110111101111011110000000100000001111011110111101111000000010000000111101111011110111100000001000000011110
1000000001111011101110111100000000100000000111101110111011110000000010000000011110111011101111000000001000000001111
1000000000111101101101111000000000100000000011110110110111100000000010000000001111011011011110000000001000000000111
1100000100011110101011110001000001110000010001111010101111000100000111000001000111101010111100010000011100000100011
0110001110001111010111100011100011011000111000111101011110001110001101100011100011110101111000111000110110001110001
0011111111100000101000001111111110001111111110000010100000111111111000111111111000001010000011111111100011111111100
0110001110001111010111100011100011011000111000111101011110001110001101100011100011110101111000111000110110001110001
1100000100011110101011110001000001110000010001111010101111000100000111000001000111101010111100010000011100000100011
1000000000111101101101111000000000100000000011110110110111100000000010000000001111011011011110000000001000000000111
1000000001111011101110111100000000100000000111101110111011110000000010000000011110111011101111000000001000000001111
1000000011110111101111011110000000100000001111011110111101111000000010000000111101111011110111100000001000000011110
1100000000001111000111100000000001110000000000111100011110000000000111000000000011110001111000000000011100000000001
0110000010001110010011100010000011011000001000111001001110001000001101100000100011100100111000100000110110000010001
0011000111001100111001100111000110001100011100110011100110011100011000110001110011001110011001110001100011000111001
0001111111101001111100101111111100000111111110100111110010111111110000011111111010011111001011111111000001111111101
