1011000111111000111111111100000111111111100011111100011010110001111110001111111111000001111111111000111111000110101
1010001010010001111111111110001111111111110001001010001010100010100100011111111111100011111111111100010010100010101
1100010001100011100100000111011100000100111000110001000111000100011000111001000001110111000001001110001100010001110
1110100000010111001010000011111000001010011101000000101111101000000101110010100000111110000010100111010000001011111
1111000000110111010001000011011000010001011101100000011111110000001101110100010000110110000100010111011000000111111
1001000001110111011010000010001000001011011101110000010010010000011101110110100000100010000010110111011100000100100
1001000011110111011100000011011000000111011101111000010010010000111101110111000000110110000001110111011110000100100
1111001001111010011100000011111000000111001011110010011111110010011110100111000000111110000001110010111100100111111
1011010100111101111100001111111110000111110111100101011010110101001111011111000011111111100001111101111001010110101
1111101000011110111000011101110111000011101111000010111111111010000111101110000111011101110000111011110000101111111
1101110000001111010000011000100011000001011110000001110111011100000011110100000110001000110000010111100000011101110
1000110000010111100000011101110111000000111101000001100010001100000101111000000111011101110000001111010000011000100
1101110000111011110000101111111110100001111011100001110111011100001110111100001011111111101000011110111000011101110
1111100001111101111001010110101101010011110111110000111111111000011111011110010101101011010100111101111100001111111
1110000001110010111100100111111100100111101001110000001111100000011100101111001001111111001001111010011100000011111
0110000001110111011110000100100100001111011101110000001101100000011101110111100001001001000011110111011100000011011
0010000010110111011100000100100100000111011101101000001000100000101101110111000001001001000001110111011010000010001
0110000100010111011000000111111100000011011101000100001101100001000101110110000001111111000000110111010001000011011
1110000010100111010000001011111010000001011100101000001111100000101001110100000010111110100000010111001010000011111
0111000001001110001100010001110001000110001110010000011101110000010011100011000100011100010001100011100100000111011
0011111111111100010010100010101000101001000111111111111000111111111111000100101000101010001010010001111111111110001
0001111111111000111111000110101100011111100011111111110000011111111110001111110001101011000111111000111111111100000
