01010111100111100101000010100111100111101010
11010111100111100101000010100111100111101011
00101001111011111010111101011111011110010100
11010111100111100101000010100111100111101011
00101001111011111010111101011111011110010100
11010111100111100101000010100111100111101011
11010111100111100101000010100111100111101011
11111110011110011111111111111001111001111111
11111110011110011111111111111001111001111111
00101001111001111111111111111110011110010100
00101001111001111010111101011110011110010100
11010111100111100101000010100111100111101011
11111111100111100101000010100111100111111111
11111110011110011111111111111001111001111111
11111110011110011111111111111001111001111111
00101001111001111010111101011110011110010100
00101001111001111010111101011110011110010100
11010111110111100101000010100111101111101011
00101001111001111010111101011110011110010100
11010111110111100101000010100111101111101011
00101001111001111010111101011110011110010100
00101001111001111010100101011110011110010100
00101001111001111010100101011110011110010100
00101001111001111010111101011110011110010100
11010111110111100101000010100111101111101011
00101001111001111010111101011110011110010100
11010111110111100101000010100111101111101011
00101001111001111010111101011110011110010100
00101001111001111010111101011110011110010100
11111110011110011111111111111001111001111111
11111110011110011111111111111001111001111111
11111111100111100101000010100111100111111111
11010111100111100101000010100111100111101011
00101001111001111010111101011110011110010100
00101001111001111111111111111110011110010100
11111110011110011111111111111001111001111111
11111110011110011111111111111001111001111111
11010111100111100101000010100111100111101011
11010111100111100101000010100111100111101011
00101001111011111010111101011111011110010100
11010111100111100101000010100111100111101011
00101001111011111010111101011111011110010100
11010111100111100101000010100111100111101011
01010111100111100101000010100111100111101010
