00000000000001000000000000000000000000000000000000000000000000000000000000000000000000000000000000000100000000000000
10000000000010000000000000000000000000000000000000000000010000000000000000000000000000000000000000000010000000000010
01100000000111000000000000000000000000000000000000000000111000000000000000000000000000000000000000000111000000001100
01100000000101100000000000000010000000000000000000000001000100000000000000000000000010000000000000001101000000001100
00011100000110110000000100000010000001000000000000000001000100000000000000000100000010000001000000011011000001110000
00011100000101011000000110000111000011000000000000000001000100000000000000000110000111000011000000110101000001110000
00011100000110101100000111001111100111000000000000000000111000000000000000000111001111100111000001101011000001110000
00000011111011010110000111101101101111000000000000000000010000000000000000000111101101101111000011010110111110000000
00000011001101101101111011101111101110111100000000000001111100000000000001111011101111101110111101101101100110000000
00000010100110111000111101100111001101111000000000000011111110000000000000111101100111001101111000111011001010000000
00000010010011011000011110100010001011110000000000000111111111000000000000011110100010001011110000110110010010000000
00000011001001101000001111010010010111100000000111000111010111000111000000001111010010010111100000101100100110000000
01111101100100110000000000101111101000000000001101100010111010001101100000000000101111101000000000011001001101111100
11010110110010011000000001111000111100000000011100110001111100011001110000000001111000111100000000110010011011010110
01101011011001100000000111000000000111000000011110111101111101111011110000000111000000000111000000001100110110101101
00110101101101010000001100000000000001100000011111011101111101110111110000001100000000000001100000010101101101011000
00011010110110101000011000000001110000110000001111101101111101101111100000011000011100000000110000101011011010110000
00001101111010011000010000110011111000011000000110110110111011011011000000110000111110011000010000110010111101100000
00000111000000000000110001111011111000001100000000110011010110011000000001100000111110111100011000000000000111000000
00000010000000000000100001111011111000000100000000011001111100110000000001000000111110111100001000000000000010000000
00000000000000000001100001111001111011000110000000001111010111100000000011000110111100111100001100000000000000000000
00000000000000000011000000110110110111100010000000000110111011000000000010001111011011011000000110000000000000000000
00000000010000000011000111001111010011110010000000000001111100000000000010011110010111100111000110000000010000000000
00000000111000000110001111101111100001110010000000000001111100000000000010011100001111101111100011000000111000000000
00000001000100000110001111100111101110110010000000000001111100000000000010011011101111001111100011000001000100000000
00000001000100000100010111011011011111010110000000000001111100000000000011010111110110110111010001000001000100000000
00000110111011000100111000111100011111101100000000000001111100000000000001101111110001111000111001000110111011000000
00001111010111100100010111011011011111010000000000000000111000000000000000010111110110110111010001001111010111100000
00001110111011100110001111100111101110110000000000000000111000000000000000011011101111001111100011001110111011100000
00000101111101000110001111101111100001110000000000000000010000000000000000011100001111101111100011000101111101000000
00000011111110000011000111001111010011110000000000000000010000000000000000011110010111100111000110000011111110000000
00000011111110000011000000110110110111100000000000000000111000000000000000001111011011011000000110000011111110000000
00000011111110000001100001111001111011000000000000000101101101000000000000000110111100111100001100000011111110000000
00111101111101111001100001111011111000000000000000000011101110000000000000000000111110111100001100111101111101111000
01111110111011111100100001111011111000000000000111111100101001111111000000000000111110111100001001111110111011111100
11000111010111000110110000110011111000000000111100000011101110000001111000000000111110011000011011000111010111000110
11000011111110000110011000000001110000000011100000000110101011000000001110000000011100000000110011000011111110000110
11000001111100000110011000000000000000001110000001111101101101111100000011100000000000000000110011000001111100000110
01100000111000001100001111100111111000111000000011000011101110000110000000111000111111001111100001100000111000001100
00001100010001100000000001111111111111100000000111001001101100100111000000001111111111111100000000001100010001100000
00011110111011110000000001000000111111000000000110011100101001110011000000000111111000000100000000011110111011110000
00111101111101111000000001000000010100000000001100110001101100011001100000000001010000000100000000111101111101111000
