00010001000100000001111011011011110000000100010001000
00001110111000000011100101010100111000000011101110000
00001010101000000000001110101110000000000010101010000
00001110111000000111100111011100111100000011101110000
00010001000100001000010011011001000010000100010001000
00001110111000001000011011011011000010000011101110000
10001010101000000000011011011011000000000010101010001
01001110111000001110011011011011001110000011101110010
01010001000100010001011011011011010001000100010001010
01100010000000010001011011011011010001000000001000110
01100010000000001010110011011001101010000000001000110
00110100000001110110110111011101101101110000000101100
00010100000010001010110111011101101010001000000101000
00001000000010000110110100000101101100001000000010000
00001000000010001110010011111001001110001000000010000
00001000000001110001001100000110010001110000000010000
00001000000000001110110000000001101110000000000010000
00000100000001000000111101110111100000010000000100000
00000010000010100001001010001010010000101000001000000
00000011000010000010001010001010001000001000011000000
00000001100011000010001010001010001000011000110000000
00000000111011100010001010001010001000111011100000000
00000001111001110001110001010001110001110011110000000
00000000000110111100000000100000000111101100000000000
00000000001111001110000000100000001110011110000000000
00000000011100000011000000100000011000000111000000000
00000000110000000001100001010000110000000001100000000
00000001100000000000110001010001100000000000110000000
00000010000000000000011000100011000000000000001000000
00000100000000111000001100100110000011100000000100000
00000100000001111100000110101100000111110000000100000
00001110000111111111000011111000011111111100001110000
00110101100100010001110000100001110001000100110101100
00101010100010000011101110101110111000001000101010100
00101010100010000000010001010001000000001000101010100
11101010111001000000110010101001100000010011101010111
01101010110000111001000111011100010011100001101010110
00010101000000011101001110101110010111000000010101000
00110101100000001111011111011111011110000000110101100
01101010110000001110101110101110101110000001101010110
00000100000000001110101111011110101110000000000100000
00000000111000001100110110101101100110000011100000000
00000001111100011100010101010101000111000111110000000
00000010000010011000001010101010000011001000001000000
00000100000010011000000110101100000011001000000100000
00000100000100111000000010101000000011100100000100000
00000010000000110000001111111110000001100000001000000
00000001000000100000010001110001000000100000010000000
00000000111111000000100001110000100000011111100000000
00000000011110000000111111111111100000001111000000000
00000000000000000001010101010101010000000000000000000
00000000000000000000111111111111100000000000000000000
