0110000000000011010000000101111111110100000000010111111111010000000101100000000000110110000000000011010000000101111
1111000000000001011000001111000000011110000000111100000001111000001101000000000001111111000000000001011000001111000
1110000000001101011100000110000000001100000000011000000000110000011101011000000000111110000000001101011100000110000
0101100000000101100000101111000000011110000000111100000001111010000011010000000011010101100000000101100000101111000
0011110000110101111101111010000000001010100010101000000000101111011111010110000111100011110000110101111101111010000
0101100000010110000100110000000000000011110111100000000000000110010000110100000011010101100000010110000100110000000
1110000011010111110001111000001110000001100011000000111000001111000111110101100000111110000011010111110001111000001
1111000001011000010001010000011111000011111111100001111100000101000100001101000001111111000001011000010001010000011
1110001101011111000001000000110001100001011101000011000110000001000001111101011000111110001101011111000001000000110
1000000101100001001001000001110000110000011100000110000111000001001001000011010000001000000101100001001001000001110
1000000101111100010101000000110010011000011100001100100110000001010100011111010000001000000101111100010101000000110
1001000110000100100101000000011110001100011100011000111100000001010010010000110001001001000110000100100101000000011
1010000111110000100101000000001100000110011100110000011000000001010010000111110000101010000111110000100101000000001
1100001000010000010001000000000000000011001001100000000000000001000100000100001000011100001000010000010001000000000
1000010000000000001011000000000000000011111111100000000000000001101000000000000100001000010000000000001011000000000
1000100000000000000111100000000000000001001001000000000000000011110000000000000010001000100000000000000111100000000
1001000000000000000011110000000000000010001000100000000000000111100000000000000001001001000000000000000011110000000
1111100000000000000001101000000000000100001000010000000000001011000000000000000011111111100000000000000001101000000
1001100000000000000001000100000100001000011100001000010000010001000000000000000011001001100000000000000001000100000
1100110000011000000001010010000111110000101010000111110000100101000000001100000110011100110000011000000001010010000
1100011000111100000001010010010000110001001001000110000100100101000000011110001100011100011000111100000001010010010
1100001100100110000001010100011111010000001000000101111100010101000000110010011000011100001100100110000001010100011
1100000110000111000001001001000011010000001000000101100001001001000001110000110000011100000110000111000001001001000
1101000011000110000001000001111101011000111110001101011111000001000000110001100001011101000011000110000001000001111
1111100001111100000101000100001101000001111111000001011000010001010000011111000011111111100001111100000101000100001
0011000000111000001111000111110101100000111110000011010111110001111000001110000001100011000000111000001111000111110
0111100000000000000110010000110100000011010101100000010110000100110000000000000011110111100000000000000110010000110
0010101000000000101111011111010110000111100011110000110101111101111010000000001010100010101000000000101111011111010
0000111100000001111010000011010000000011010101100000000101100000101111000000011110000000111100000001111010000011010
0000011000000000110000011101011000000000111110000000001101011100000110000000001100000000011000000000110000011101011
0000111100000001111000001101000000000001111111000000000001011000001111000000011110000000111100000001111000001101000
0000010111111111010000000101100000000000110110000000000011010000000101111111110100000000010111111111010000000101100
