0000000010000001000000100000000
0000000100000010100000010000000
0000000110000100010000110000000
0000000111000100010001110000000
0000000111100100010011110000000
0000000011110010100111100000000
0000000001111001001111000000000
0000111110111101011110111110000
0001111110000011100000111111000
0011111101111101011111011111100
0111111000100010100010001111110
1111110011100001000011100111111
1111100011110101010111100011111
1111000011111001001111100001111
1110000011111001001111100000111
1100000011111010101111100000011
1000000001110001000111000000001
1100100000000010100000000010011
0101000000000010100000000001010
0111001111110010100111111001110
0000011111110010100111111100000
0000100111111010101111110010000
0000000001111010101111000000000
0000000001111101011111000000000
0000011110001011101000111100000
0001111111110100010111111111000
0010001111111011101111111000100
0000000011100110110011100000000
0000000000011010101100000000000
0000000011111010101111100000000
0000000111110010100111110000000
0000001000000010100000001000000
0000000000000010100000000000000
0000000000000010100000000000000
0000000000000100010000000000000
0000000000000100010000000000000
0000000000000100010000000000000
0000000000000011100000000000000
0000000000000001000000000000000
0000000000000001000000000000000
0000000000000001000000000000000
0000000000001111111000000000000
0000000000011111111100000000000
