0001111111111111000000000000000000000000001000000000000000000000000001111111111111000001111111111111000000000000000
0001100010101001000000000000000000000000011100000000000000000000000001001010100011000001100010101001000000000000000
0011010001001001001000000001110000000000100010000000000111000000001001001001000101100011010001001001001000000001110
1110001000001111110000000001010000000011011101100000000101000000000111111000001000111110001000001111110000000001010
1100100101000001110000000111111100000011001001100000011111110000000111000001010010011100100101000001110000000111111
1001110010000001111110000101010100000111101011110000010101010000111111000000100111001001110010000001111110000101010
1000100101000010010010000111111111000011010101100001111111110000100100100001010010001000100101000010010010000111111
1000000000000000010010010001010101000000111110000001010101000100100100000000000000001000000000000000010010010001010
1000000000011100011111100001111111000001111111000001111111000011111100011100000000001000000000011100011111100001111
1110000000010100000011100000010100000000111110000000010100000011100000010100000000111110000000010100000011100000010
1111000001111111000011111100011100000000001000000000011100011111100001111111000001111111000001111111000011111100011
1110000001010101000100100100000000000000001000000000000000010010010001010101000000111110000001010101000100100100000
0101100001111111110000100100100001010010001000100101000010010010000111111111000011010101100001111111110000100100100
1011110000010101010000111111000000100111001001110010000001111110000101010100000111101011110000010101010000111111000
1001100000011111110000000111000001010010011100100101000001110000000111111100000011001001100000011111110000000111000
1101100000000101000000000111111000001000111110001000001111110000000001010000000011011101100000000101000000000111111
0010000000000111000000001001001001000101100011010001001001001000000001110000000000100010000000000111000000001001001
1100000000000000000000000001001010100011000001100010101001000000000000000000000000011100000000000000000000000001001
1000000000000000000000000001111111111111000001111111111111000000000000000000000000001000000000000000000000000001111
