000000000101010000000000010101000000000
000000111101011111111111111111111000000
000001000101010000000000000000000100000
000010111101011111111111111111111010000
000101000101010000000000000000000101000
001010111101011111111111111111111010100
010101000101010000000000010101000101010
010101000101010000101000010101000101010
010101000101010001101100010101000101010
110101111010100100010001001010111111111
010101000101001010010010100101000000000
110101111010001001010100100010111111111
010101000100001000111000100001000000000
110101111000001000010000100000111111111
010101000011111000000000111110000101010
010101000100000111101111000001000101010
010101000010000111000111000010000101010
010101001001000110101011000100100101010
010101011000100101111101001000110101010
010101000111110000101000011111000101010
010101011000100101111101001000110101010
010101001001000110101011000100100101010
010101000010000111000111000010000101010
010101000100000111101111000001000101010
010101000011111000000000111110000101010
111111111000001000010000100000111101011
000000000100001000111000100001000101010
111111111010001001010100100010111101011
000000000101001010010010100101000101010
111111111010100100010001001010111101011
010101000101010001101100010101000101010
010101000101010000101000010101000101010
010101000101010000000000010101000101010
001010111111111111111111110101111010100
000101000000000000000000010101000101000
000010111111111111111111110101111010000
000001000000000000000000010101000100000
000000111111111111111111110101111000000
000000000101010000000000010101000000000
