0011000000111100000111110000011111000001111000000110001100000011110000011111000001111100000111100000011000110000001
0111000001111110001111111000111111100011111100000111011100000111111000111111100011111110001111110000011101110000011
0110110011111111011111111101111111110111111110011011011011001111111101111111110111111111011111111001101101101100111
0101110011100111111100011111110001111111001110011101010111001110011111110001111111000111111100111001110101011100111
1011100011100111111000000111000000111111001110001110101110001110011111100000011100000011111100111000111010111000111
1100000011110111110000011010110000011111011110000001110000001111011111000001101011000001111101111000000111000000111
1011100001100111100000011101110000001111001100001110101110000110011110000001110111000000111100110000111010111000011
0101110000001111000001101101101100000111100000011101010111000000111100000110110110110000011110000001110101011100000
0110110000011110000001110101011100000011110000011011011011000001111000000111010101110000001111000001101101101100000
0111000000111100110000111010111000011001111000000111011100000011110011000011101011100001100111100000011101110000001
1011000001111101111000000111000000111101111100000110101100000111110111100000011100000011110111110000011010110000011
1100000011111100111000111010111000111001111110000001110000001111110011100011101011100011100111111000000111000000111
1111000111111100111001110101011100111001111111000111111100011111110011100111010101110011100111111100011111110001111
0111111111011111111001101101101100111111110111111111011111111101111111100110110110110011111111011111111101111111110
0011111110001111110000011101110000011111100011111110001111111000111111000001110111000001111110001111111000111111100
0001111100000111100000011000110000001111000001111100000111110000011110000001100011000000111100000111110000011111000
