00000000000001001110000000000
00000111100000111111001100000
00001000100000011111010000000
00010000010000011011111110000
00100011100000011111000000000
01000100000000111111111110000
01000000000000110011010100000
01111111100000110011010100000
00111111111111111111000000000
00111111111111111111000000000
00011111111111111111000000000
00111110111011101111000000000
00111100010001000111000000001
00011110111011101111000000010
00011111111111111111000001111
01111111111111111111000001110
01111111110110011111000111110
01111111111110011111111100001
00110101111110100010110000000
00110010000110110011000000000
01110111100111000011000000000
11110001110001000001100000000
01110000111000000000110000000
00110000011100000000011000000
00110000001110000000001100000
00110000000111000000000111100
01111110000011100000001010100
00111010000001110000000101000
00010100000000111100000000000
00000000000001010100000000000
00000000000000101000000000000
