0000000001000001101100000100000000000100000110110000010000000000010000011011000001000000000001000001101100000100000
0000000010100001010100001010000000001010000101010000101000000000101000010101000010100000000010100001010100001010000
0000000101010001101100010101000000010101000110110001010100000001010100011011000101010000000101010001101100010101000
1000001010101001010100101010100000101010100101010010101010000010101010010101001010101000001010101001010100101010100
0100010101010101101101010101010001010101010110110101010101000101010101011011010101010100010101010101101101010101010
1010101010101011010110101010101010101010101101011010101010101010101010110101101010101010101010101011010110101010101
0100010101010101101101010101010001010101010110110101010101000101010101011011010101010100010101010101101101010101010
1000001010101001010100101010100000101010100101010010101010000010101010010101001010101000001010101001010100101010100
0000000101010001101100010101000000010101000110110001010100000001010100011011000101010000000101010001101100010101000
0000000010100001010100001010000000001010000101010000101000000000101000010101000010100000000010100001010100001010000
0000000001000001101100000100000000000100000110110000010000000000010000011011000001000000000001000001101100000100000
