00000000000000000000000000000001110000000000000000000000000000000
00000000000000000000000000000010001000000000000000000000000000000
00000000000000000000000000110010001001100000000000000000000000000
00000000000000000000000001001010001010010000000000000000000000000
00000000000000000000000001000101010100010000000000000000000000000
00000000000000000000000001000000000000010000000000000000000000000
00000000000000000000000000111000000011100000000000000000000000000
00000000000000000000000000000101010100000000000000000000000000000
00000000000000000010000011110010001001111000001000000000000000000
00000000001000000100000100001001010010000100000100000010000000000
00000000000111000110000100000101010100000100001100011100000000000
00000000000111100111000011110100100101111000011100111100000000000
00000000000111110111100000001001010010000000111101111100000000000
00000000000011111011100011101010001010111000111011111000000000000
00000000000001111101100111000100000100011100110111110000000000000
00000000000000111101101110000010001000001110110111100000000000000
00000000001111011100001111000010001000011110000111011110000000000
00000000010111100011110111100001010000111101111000111101000000000
00000000000011111010111011110000100001111011101011111000000000000
00000000000001111011011101111000100011110111011011110000000000000
00000000000000000011101110111000100011101110111000000000000000000
00000000000000001101110111011000100011011101110110000000000000000
00000000000000011110111011011000100011011011101111000000000000000
00000000000000111111011101011000100011010111011111100000000000000
00000000000000110111101111010000100001011110111101100000000000000
00000000000000100011110000100001010000100001111000100000000000000
00000000000000000001111111011001010011011111110000000000000000000
00000000000000000000111110001101010110001111100000000000000000000
00000000000000000000000000000100100100000000000000000000000000000
00000000000111111000000000000110101100000000000011111100000000000
00000001111100001110000000000010101000000000001110000111110000000
00000011000000000001000000000001010000000000010000000000011000000
00000100000000000101000000000000100000000000010100000000000100000
00000100000011110110100000000000100000000000101101111000000100000
00001000000100001000100000000000100000000000100010000100000010000
00001000001001110100010000000011011000000001000101110010000010000
00001000010010010100010000001100100110000001000101001001000010000
00001000010100010100001000001100100110000010000101000101000010000
00001000001000100100001000010010101001000010000100100010000010000
00000100001001001000000100010001010001000100000010010010000100000
00000010001110010000000100001110001110000100000001001110001000000
00000001110001100000000010010001010001001000000000110001110000000
00111110000000000000000010010010101001001000000000000000001111100
01000010000000000000000001001100100110010000000000000000001000010
10100000000000000000000001001100100110010000000000000000000000101
10111000000000001110000000100011011000100000001110000000000011101
10001110000000010001000000100000100000100000010001000000001110001
01000011100000010000111110010000100001001111100001000000111000010
01100001110000100000101001111111111111110010100000100001110000110
01100001111000110100101001101101010110110010100101100011110000110
00100000111000011011111001011011011011010011111011000011100000100
00010000011000001100100011011011011011011000100110000011000001000
00001000001110000110100011011011011011011000101100001110000010000
00110110001001000010100011011011011011011000101000010010001101100
01010101001001000010100011011011011011011000101000010010010101010
01110111000111000011111011011011011011011011111000011100011101110
10000000100000000000110011011011011011011001100000000000100000001
01110111000000000000001011011011011011011010000000000000011101110
01010101000000000000000100100101010100100100000000000000010101010
00110110000000000000000011011001110011011000000000000000001101100
00001000000000000000000000100101010100100000000000000000000010000
00010100000000000000111110001110001110001111100000000000000101000
00001000000000000001000001011111111111010000010000000000000010000
00000000000000000010000001100000000000110000001000000000000000000
00000000000000000010000001000000000000010000001000000000000000000
00000000000000000010000010111000000011101000001000000000000000000
00000000000000000010000000000100000100000000001000000000000000000
00000000000000000010000000111000000011100000001000000000000000000
00000000000000000001100011100000100000111000110000000000000000000
00000000000000000000010110000001010000001101000000000000000000000
00000000000000000000101100000010101000000110100000000000000000000
00000000000000000000010110000001010000001101000000000000000000000
00000000000000001100010011111000100011111001000110000000000000000
00000000000000010010010000001100000110000001001001000000000000000
00000000000000010000100000111000000011100000100001000000000000000
00000000000000001111000001000000000000010000011110000000000000000
00000000000000000000000000111111111111100000000000000000000000000
