01010110000000000000000001010000000000000000001101010
00110100000000000010001010001010001000000000000101100
01110101100000000111001101010110011100000000110101110
00001101000000000011101110101110111000000000010110000
01111101011011110001110101110101110001111011010111110
01000011010000111101111011011011110111100001011000010
00011111010110011110110111011101101111001101011111000
00010000110100001111010111011101011110000101100001000
00000111110101100111100111011100111100110101111100000
00000100001101000011111011111011111000010110000100000
00000001111101000011111100100111111000010111110000000
00000001000011000001111111111111110000011000010000000
00000000011111000000111111011111100000011111000000000
00000000010000100000011100100111000000100001000000000
00000000000000010000000000100000000001000000000000000
00011000000000001000001000100010000010000000000011000
00011111110000000100011100100111000100000001111111000
00001100001100000010001110101110001000000110000110000
00001011100100000001000111011100010000000100111010000
00001010010010000000101010101010100000001001001010000
00001010001010000000011101110111000000001010001010000
00001001000100000000001010101010000000000100010010000
00000100100100000000000111011100000000000100100100000
00000110011100000000001110101110000000000111001100000
00000001100011110000011100100111000001111000110000000
00000000000000011000001000100010000011000000000000000
00000000000000001100000000100000000110000000000000000
00000000000000000110001000100010001100000000000000000
00000000000000000011001100100110011000000000000000000
01000010000111000001101110101110110000011100001000010
00111111001111100000110110101101100000111110011111100
00111101011100100000011010101011000000100111010111100
00111101011110000001001100100110010000001111010111100
00111010011011000001100110101100110000011011001011100
01100111001101100001010011111001010000110110011100110
00111011100110110001001000100010010001101100111011100
00000001110011110001000100100100010001111001110000000
00011100111001110001000100100100010001110011100111000
00111110011101100001000100100100010000110111001111100
01111011001101000000100100100100100000010110011011110
01101101100010000000010100100101000000001000110110110
01100110111101111100001100100110000111110111101100110
00110011111000000110000101010100001100000011111001100
00000001110000000001100010001000110000000001110000000
00000000000000000000100010001000100000000000000000000
00000000000000000000010001010001000000000000000000000
00000000000000000000011000100011000000000000000000000
00000001000100000000000110101100000000000100010000000
00000001101100000000000010101000000000000110110000000
00000110101011000000000001010000000000011010101100000
00000011010110100000000001010000000000101101011000000
00000000101000010000000001110000000001000010100000000
00000011010110001000000000100000000010001101011000000
00000110101011000100000000100000000100011010101100000
00000001101100000010000000100000001000000110110000000
00000001000100000001000001110000010000000100010000000
00000000000000100000100011011000100000100000000000000
00000000000001110000010110101101000001110000000000000
00000000000111111100001101110110000111111100000000000
00000000001111111110011011011011001111111110000000000
00000000011000000111001101110110011100000011000000000
00000000110000000011000110101100011000000001100000000
00000000110000010011000001010000011001000001100000000
00000000110000110110000111111100001101100001100000000
00000000110000011100001100100110000111000001100000000
00000000110000001000011001010011000010000001100000000
00000000011100000000110010101001100000000111000000000
10100110001110000001100101010100110000001110001100101
01001001000011110001001100100110010001111000010010010
01001001000001111001011100100111010011110000010010010
01000110000000001101001100100110010110000000001100010
01001001000010000101100101010100110100001000010010010
01001001000111001100110010101001100110011100010010010
10100110001101011000011001010011000011010110001100101
00000000011000110000001100100110000001100011000000000
00000000001111100000000111111100000000111110000000000
00000000000111000000000001110000000000011100000000000
00000000000010000000011111111111000000001000000000000
00000000000000000000110111011101100000000000000000000
00000000000000000001100010001000110000000000000000000
00000000000000000011110111011101111000000000000000000
00000000000000001111111111111111111110000000000000000
