0001111000001100011010110001100000111100000111100000110001101011000110000011110000011110000011000110101100011000001
0011111100000110110111011011000001111110001111110000011011011101101100000111111000111111000001101101110110110000011
0110001110000001000010000100000011100011011000111000000100001000010000001110001101100011100000010000100001000000111
1100000111000110110010011011000111000001110000011100011011001001101100011100000111000001110001101100100110110001110
1000001011101100011010110001101110100000100000101110110001101011000110111010000010000010111011000110101100011011101
1110011101110000000111000000011101110011111001110111000000011100000001110111001111100111011100000001110000000111011
1001001000111001100010001100111000100100100100100011100110001000110011100010010010010010001110011000100011001110001
1100110000011100110111011001110000011001110011000001110011011101100111000001100111001100000111001101110110011100000
1110001000001110001101100011100000100011111000100000111000110110001110000010001111100010000011100011011000111000001
1100011100000111111000111111000001110001110001110000011111100011111100000111000111000111000001111110001111110000011
1000001000000011110000011110000000100000100000100000001111000001111000000010000010000010000000111100000111100000001
