000000000000010000000000000
000000000000010000000000000
000000000000101000000000000
000011000000101000000110000
000111100001000100001111000
001111110001000100011111100
001001111001000100111100100
000100011101000101110001000
000000011100101001110000000
001110001110101011100011100
011011001110010011100110110
110001101110111011101100011
111011101100010001101110111
111111011100101001110111111
111011011101000101110110111
010001011001000100110100010
011011010000111000010110110
001111100000010000001111100
000111010000010000010111000
000000001000010000100000000
000000000100010001000000000
000100000010101010000001000
001010000001010100000010100
001000000010101010000000100
000111111100010001111111000
