0000000000000000000000000000000000000000011100000000000000000000000000000000000000000
0000000000000110000000000000000000000000111110000000000000000000000000110000000000000
0000000000111111100000000000000000011101111111011100000000000000000011111110000000000
0000000000101111100000000000000000111110111110111110000000000000000011111010000000000
0000000000000111110000000000000001111111011101111111000000000000000111110000000000000
0000000000000111110000000000000001111111011101111111000000000000000111110000000000000
0000000000000111111000000000000110011001101011001100110000000000001111110000000000000
0000000000000111111000000000001111100000101010000011111000000000001111110000000000000
0000000000001111111000000000011111101100101010011011111100000000001111111000000000000
0001000000001111111000000000011111011110011100111101111100000000001111111000000001000
0001100000001111111000000000011110111101100011011110111100000000001111111000000011000
0001110000001111111000000000001101111011111111101111011000000000001111111000000111000
0001111111101111111000011111000101110111100011110111010001111100001111111011111111000
0000111111110111111000111111110001101111000001111011000111111110001111110111111110000
0000011111111011110011111111111101101111100011111011011111111111100111101111111100000
0000001111111011100111111111100000110011111111100110000011111111110011101111111000000
0000000111111101001111111100000000011100111110011100000000011111111001011111110000000
0000100000000001011111111000000000000111101011110000000000001111111101000000000010000
0000110000001110011100001100001000000000001000000000001000011000011100111000000110000
0000111000011111000011111110000100000000010100000000010000111111100001111100001110000
0000011111111111011101111111000011111000010100001111100001111111011101111111111100000
0001101111111111011110111111000010111100001000011110100001111110111101111111111011000
0000101111111110101111011111100011001110001000111001100011111101111010111111111010000
0001101011111101101111000001110011001111001001111001100111000001111011011111101011000
0000110011110011110111100000111011110111001001110111101110000011110111100111100110000
0001111010010011110011100000001101111011101011101111011000000011100111100100101111000
0000111000100011110001000000000100111101101011011110010000000001000111100010001110000
0001111111101111100010100000000011011111001001111101100000000010100011111011111111000
0000111111101111000001000000001001100110101010110011001000000001000001111011111110000
0000011110100110000011100000011100110000101010000110011100000011100000110010111100000
0000000000000000001110110000111110011000011100001100111110000110111000000000000000000
0000000000000000011000000001100111001000001000001001110011000000001100000000000000000
0000000000000000110000000011100011101100001000011011100011100000000110000000000000000
0000000000000000100000000111111001000100001000010001001111110000000010000000000000000
0000000000000001100000010001111100000110011100110000011111000100000011000000000000000
0000000000000001000000001110111110000010011100100000111110111000000001000000000000000
0000000000000001000000101111001111000011011101100001111001111010000001000000000000000
0000000000000001000001101111110111100000111110000011110111111011000001000000000000000
0000000000000001000011110111111011110000111110000111101111110111100001000000000000000
0000000000000001000111111011101101111000111110001111011011101111110001000000000000000
0000011111110001001100111011001110111101110111011110111001101110011001000111111100000
0000111111111001011100111101110110111101110111011110110111011110011101001111111110000
0000111111111101101110011110111011011101110111011101101110111100111011011111111110000
0001100000001100110111001111011101011001110111001101011101111001110110011000000011000
0011100000000000011011100111100111010001110111000101110011110011101100000000000011100
0111000111111110001101000011111000100001110111000010001111100001011000111111110001110
1110001111000011000010000001111111011001110111001101111111000000100001100001111000111
1110011110110001000111111110111110001101110111011000111110111111110001000110111100111
1110011101110000011000001111011100000110110110110000011101111000001100000111011100111
1110011100000011111100000011100000000011010101100000000011100000011111100000011100111
1110011100011111111100001000011000010001101011000100001100001000011111111100011100111
1110011011111111111000010011100110001100101010011000110011100100001111111111101100111
1111000111111111100011001100000011000110011100110001100000011001100011111111110001111
0111110110101110000011100000000001100110001000110011000000000011100000111010110111110
1011110100000100011101100000111000111111001001111110001110000011011100010000010111101
1100010110101000011010100001001110011111001001111100111001000010101100001010110100011
1011100011111000010110100000000000001101001001011000000000000010110100001111100011101
0100001101110100001110100000001111100101001001010011111000000010111000010111011000010
1110011100001110000001100000111111110010001000100111111110000011000000111000011100111
1100111001100111111111100000100011111001001001001111100010000011111111110011001110011
1001111001110011111111100000010000011110101010111100000100000011111111100111001111001
0011110101110000000000000000000000000000101010000000000000000000000000000111010111100
0100110101111000000000000000000000000000010100000000000000000000000000001111010110010
0100100101111000110000000000000001000000001000000001000000000000000110001111010010010
0111100010111101110000000000000000111100001000011110000000000000000111011110100011110
0001000010011111100000001111111000001111001001111000001111111000000011111100100001000
0000000010001111000000111111111110000111101011110000111111111110000001111000100000000
0000000101000000100011101111111111000111101011110001111111111011100010000001010000000
0000111000111000100111011000000011100111101011110011100000001101110010001110001110000
0000011000110000100110110000000001110011101011100111000000000110110010000110001100000
0000101000101000100101100000000001110001101011000111000000000011010010001010001010000
0000000000000000101101000000011001110000010100000111001100000001011010000000000000000
0000000000000001101101000000111101110011101011100111011110000001011011000000000000000
0000000000000001001101000000111101110110011100110111011110000001011001000000000000000
0000000000000010001101000000111101111101110111011111011110000001011000100000000000000
0000000011000110001101000000111101110110011100110111011110000001011000110001100000000
0000000101101010001101000000111111100111101011110011111110000001011000101011010000000
0000000000010010001101000000011111000111110111110001111100000001011000100100000000000
0000001000100010001101000000000000000000011100000000000000000001011000100010001000000
0000011101000010001101100000000000000000011100000000000000000011011000100001011100000
0000111110000010000110110000000000001110011100111000000000000110110000100000111110000
0001011101000010000011010000000000011111111111111100000000000101100000100001011101000
0011101011100010000011011000000000111111111111111110000000001101100000100011101011100
0111110111110010000001101000000001111111111111111111000000001011000000100111110111110
0011101011100010000000111100000011111100100010011111100000011110000000100011101011100
0001011101000010000000011110000110001011010101101000110000111100000000100001011101000
0000111110000101100000001111000110110110110110110110110001111000000011010000111110000
0000011100001010111110000011100110110110110110110110110011100000111110101000011100000
0000001000011010111111000001110110110110110110110110110111000001111110101100001000000
0000000001110101011111100000110110110110110110110110110110000011111101010111000000000
0000000011100101011111100000010110110110110110110110110100000011111101010011100000000
0000001110000101001111100010010110110110110110110110110100100011111001010000111000000
0000010000001000100011100111011010110110110110110110101101110011100010001000000100000
0000000000001000100001101001011010110110110110110110101101001011000010001000000000000
0000000000001000100000101000011010110110110110110110101100001010000010001000000000000
0000000000010101010000001111110010110110110110110110100111111000000101010100000000000
0000000000100101001000000111100001010111010101110101000011110000001001010010000000000
0000010001000101000100010000000001010111010101110101000000000100010001010001000100000
0000111010001101100010111000000000101011010101101010000000001110100011011000101110000
0001111100001000100001111100000000010101010101010100000000011111000010001000011111000
0010111010001000100010111010000000001110101010111000000000101110100010001000101110100
0111010111001010100111010111000000000011101011100000000001110101110010101001110101110
1111101111100101001111101111100000000000111110000000000011111011111001010011111011111
0111010111001010100111010111000000000000011100000000000001110101110010101001110101110
0010111010001101100010111010000000000000011100000000000000101110100011011000101110100
0001111100010010010001111100000000000000111110000000000000011111000100100100011111000
0000111001010111010100111000000000001111111111111000000000001110010101110101001110000
0000010000100010001000010000000000011111111111111100000000000100001000100010000100000
0000000000000000000000000000000000001111111111111000000000000000000000000000000000000
