0000111111111111111000000000000000000000000100000000000000000100000000000000000000000011111111111111100000000011111
0001111111111111111100000000001110000001100010000000000000001000110000001110000000000111111111111111110000000111111
0011000000000000000110000000001001000010010001101101010110110001001000010010000000001100000000000000011000001100000
0110000000000000000011000000001000100100010001010010101001010001000100100010000000011000000000000000001100011000000
1100000001000100000001100001100100010100100000110010101001100000100101000100110000110000000100010000000110110000000
1010000000111000000000110010010010010100000001000010101000010000000101001001001001100000000011100000001010101000000
1001000001001000100000011010001001110100000001000100100100010000000101110010001011000000100010010000010010100100000
1001000010101000010000001101000100001000000000111011011011100000000010000100010110000001000010101000010010100100001
0101011101010100100000000110000011110100001001000010101000010010000101111000001100000000100101010111010100010101110
0101010010100001000000000110000000000100000110000001110000001100000100000000001100000000010000101001010100010101001
0101111101000010001100000110000000001000001001000010101000010010000010000000001100000110001000010111110100010111110
1010000101000010010100000110000000010000000000111011011011100000000001000000001100000101001000010100001010101000010
0001000111000010101000100110000000100000000001000100100100010000000000100000001100100010101000011100010001000100011
0001000000000001010001010110000011000000000001000010101000010000000000011000001101010001010000000000010001000100000
1000100000000001100010000110001100000000000000110010101001100000000000000110001100001000110000000000100011100010000
0000011000000010011100110110110000000000000000010010101001000000000000000001101101100111001000000011000001000001100
0000000110000100000000011111100000000000000000001101010110000000000000000000111111000000000100001100000001000000011
0000000001111000000000010000100000000001111000000000100000000011110000000000100001000000000011110000000001000000000
1011000000000000000000011111100000000010000110000000100000001100001000000000111111000000000000000000011010101100000
0100100000000000000000110110110011100100000001100000100000110000000100111001101101100000000000000000100101010010000
0100110000000000000011000110000100011000000000010001110001000000000011000100001100011000000000000001100101010011000
0100001000000000001100000110101000101000000000001000100010000000000010100010101100000110000000000010000101010000100
0010001000000000010000000110010001010100001110001000100010001110000101010001001100000001000000000010001001001000100
1101110000000000100000000110000010100100001010000101010100001010000100101000001100000000100000000001110110110111000
0100001001000001000000000110000011000100001011111010001011111010000100011000001100000000010000010010000101010000100
1000000110000010000000000110000000001000010100101010001010100101000010000000001100000000001000001100000011100000011
0100001001000010111100000110000000010010101011101010001010111010101001000000001100000111101000010010000101010000100
1101110000000001000010001011000000100001010100001001010010000101010000100000011010001000010000000001110110110111000
0010001000000010111001000101100000010001001000001001010010000010010001000000110100010011101000000010001001001000100
0100001000000010100100100100110000000001110000000101010100000001110000000001100100100100101000000010000101010000100
0100110000010010100010011000011000000010001000000011011000000010001000000011000011001000101001000001100101010011000
0100101000100010010001000000001100000000000000000110001100000000000000000110000000010001001000100010100101010010100
1011011000100100001001000000000110000000000000001100000110000000000000001100000000010010000100100011011010101101100
0000000100011000000111000000000011111111111111111000000011111111111111111000000000011100000011000100000000000000010
0000000010000000000000000000000001111111111111110000000001111111111111110000000000000000000000001000000000000000001
