1010000000001010000010100000101000000000101000001010000010100000000010100000101000001010000000001010000010100000101
1101111011110110000110110000110111101111011000011011000011011110111101100001101100001101111011110110000110110000110
0010001010001000001110111000001000101000100000111011100000100010100010000011101110000010001010001000001110111000001
0010001010001000010110110100001000101000100001011011010000100010100010000101101101000010001010001000010110110100001
0010001010001000111010101110001000101000100011101010111000100010100010001110101011100010001010001000111010101110001
0011110001111001111101011111001111000111100111110101111100111100011110011111010111110011110001111001111101011111001
0000001010000000000010100000000000101000000000001010000000000010100000000000101000000000001010000000000010100000000
0011110001111001111101011111001111000111100111110101111100111100011110011111010111110011110001111001111101011111001
0010001010001000111010101110001000101000100011101010111000100010100010001110101011100010001010001000111010101110001
0010001010001000010110110100001000101000100001011011010000100010100010000101101101000010001010001000010110110100001
0010001010001000001110111000001000101000100000111011100000100010100010000011101110000010001010001000001110111000001
1101111011110110000110110000110111101111011000011011000011011110111101100001101100001101111011110110000110110000110
1010000000001010000010100000101000000000101000001010000010100000000010100000101000001010000000001010000010100000101
