0000000000000011100100111000001100000110001100000110000011100100111000000000000000000000000000111001001110000011000
0100000100000001101110110011011100001111011110000111011001101110110000000100000101000001000000011011101100110111000
1010000010010001101110110111011011001111011110011011011101101110110001001000001010100000100100011011101101110110110
0101111100001001101110110111000111001111011110011100011101101110110010000111110101011111000010011011101101110001110
1011111000001001101110110000110110001111011110001101100001101110110010000011111010111110000010011011101100001101100
0111110000110001101110110110110110000110101100001101101101101110110001100001111101111100001100011011101101101101100
1011000111000001101110110110110000000001010000000001101101101110110000011100011010110001110000011011101101101100000
1100111000000000110101101110001110000010101000001110001110110101100000000011100111001110000000001101011011100011100
1011000000000000001010001101101110001101010110001110110110001010000000000000011010110000000000000010100011011011100
0011111000100000100100100011101100011101010111000110111000100100100000100011111000111110001000001001001000111011000
1101111111000000010101000011000000111101010111100000011000010101000000011111110111011111110000000101010000110000001
0110111110000000010101000100001000111101010111100010000100010101000000001111101101101111100000000101010001000010001
0010111100000000010101001000010100011001010011000101000010010101000000000111101000101111000000000101010010000101000
1111000000000000001010001000001000000000100000000010000010001010000000000000011111110000000000000010100010000010000
1111000000000000100100100111000110000000100000001100011100100100100000000000011111110000000000001001001001110001100
1001100000000001001010010000100001000011011000010000100001001010010000000000110010011000000000010010100100001000010
0000111111111110110001100000011110111100000111101111000000110001101111111111100000001111111111101100011000000111101
