1000001000001000010000100111110010000100001000001000001000010000100111110010000100001000001000001000010000100111110
0110010100110000111001010001000101001110000110010100110000111001010001000101001110000110010100110000111001010001000
0101101011010011101010001001001000101011100101101011010011101010001001001000101011100101101011010011101010001001001
1010010100100100111001010101010101001110010010010100100100111001010101010101001110010010010100100100111001010101010
1010010100101000111100100011100010011110001010010100101000111100100011100010011110001010010100101000111100100011100
0101101011010001101110010101010100111011000101101011010001101110010101010100111011000101101011010001101110010101010
1010011100101001011111001001001001111101001010011100101001011111001001001001111101001010011100101001011111001001001
0101101011010001111111100101010011111111000101101011010001111111100101010011111111000101101011010001111111100101010
1010010100101000111111110011100111111110001010010100101000111111110011100111111110001010010100101000111111110011100
1010010100101000011111111001001111111100001010010100101000011111111001001111111100001010010100101000011111111001001
0101101011010000001010011101011100101000000101101011010000001010011101011100101000000101101011010000001010011101011
0110010100110000001010001110111000101000000110010100110000001010001110111000101000000110010100110000001010001110111
1000001000001000010101000111110001010100001000001000001000010101000111110001010100001000001000001000010101000111110
