10010100100101110001110001110100100101001
01110111000110111011111011101100011101110
01010101000111011111011111011100010101010
11110111100111101110001110111100111101111
00001000000110110111011101101100000010000
11110111100100011011111011000100111101111
01010101000110111101110111101100010101010
01110111000111111110101111111100011101110
10010100100110111011011011101100100101001
00000000000100010001010001000100000000000
00000000000110111011011011101100000000000
11111111111011111111011111111011111111111
01111011101101111011011011110110111011110
10110001000110110001010001101100010001101
11011011101111011011011011011110111011011
11101111111111101111011110111111111110111
01110111101110110111011101101110111101110
00111011000100011011011011000100011011100
01111101101110111101010111101110110111110
11101110111111111110101111111111101110111
11000111000000000001110000000000011100011
11101110111111111110101111111111101110111
01111101101110111101010111101110110111110
00111011000100011011011011000100011011100
01110111101110110111011101101110111101110
11101111111111101111011110111111111110111
11011011101111011011011011011110111011011
10110001000110110001010001101100010001101
01111011101101111011011011110110111011110
11111111111011111111011111111011111111111
00000000000110111011011011101100000000000
00000000000100010001010001000100000000000
10010100100110111011011011101100100101001
01110111000111111110101111111100011101110
01010101000110111101110111101100010101010
11110111100100011011111011000100111101111
00001000000110110111011101101100000010000
11110111100111101110001110111100111101111
01010101000111011111011111011100010101010
01110111000110111011111011101100011101110
10010100100101110001110001110100100101001
