0100000010100100001000010010100000010
1011111101001111111111111001011111101
0101000010010100000000010100100001010
0110100010101101111111011010100010110
0101011101011101110111011101011101010
0100110010111101101011011110100110010
0100100101000001010101000001010010010
0100101011011110100010111101101010010
1011010111011101001001011101110101101
0100101111011010011100101101111010010
1001010000010101001001010100000101001
0010110111101001100011001011110110100
0101110111010001110111000101110111010
1111110110100001110111000010110111111
0100000101000001111111000001010000010
0101111010111110001000111110101111010
0101110100011110101010111100010111010
0101101001001110010100111001001011010
1101010011100011100011100011100101011
0101101001001110010100111001001011010
0101110100011110101010111100010111010
0101111010111110001000111110101111010
0100000101000001111111000001010000010
1111110110100001110111000010110111111
0101110111010001110111000101110111010
0010110111101001100011001011110110100
1001010000010101001001010100000101001
0100101111011010011100101101111010010
1011010111011101001001011101110101101
0100101011011110100010111101101010010
0100100101000001010101000001010010010
0100110010111101101011011110100110010
0101011101011101110111011101011101010
0110100010101101111111011010100010110
0101000010010100000000010100100001010
1011111101001111111111111001011111101
0100000010100100001000010010100000010
