0000000100000000000000000111111100000000000000000100000000000000000111111100000000000000000100000000000000000111111
0000000100000001010000001111111110000001010000000100000001010000001111111110000001010000000100000001010000001111111
0000001110000011011000011001110011000011011000001110000011011000011001110011000011011000001110000011011000011001110
0000001110000000100000110000100001100000100000001110000000100000110000100001100000100000001110000000100000110000100
0000010001000011011001100100100100110011011000010001000011011001100100100100110011011000010001000011011001100100100
0111001110011101010011001110101110011001010111001110011101010011001110101110011001010111001110011101010011001110101
1111100100111110100110011111111111001100101111100100111110100110011111111111001100101111100100111110100110011111111
1111100100111110101100000000100000000110101111100100111110101100000000100000000110101111100100111110101100000000100
0111111111111100011000111111111111100011000111111111111100011000111111111111100011000111111111111100011000111111111
0000000100000000110101111100100111110101100000000100000000110101111100100111110101100000000100000000110101111100100
0011111111111001100101111100100111110100110011111111111001100101111100100111110100110011111111111001100101111100100
1001110101110011001010111001110011101010011001110101110011001010111001110011101010011001110101110011001010111001110
1100100100100110011011000011111000011011001100100100100110011011000011111000011011001100100100100110011011000011111
0110000100001100000100000010001000000100000110000100001100000100000010001000000100000110000100001100000100000010001
0011001110011000011011000010001000011011000011001110011000011011000010001000011011000011001110011000011011000010001
0001111111110000001010000001110000001010000001111111110000001010000001110000001010000001111111110000001010000001110
0000111111100000000000000000100000000000000000111111100000000000000000100000000000000000111111100000000000000000100
