1010000011100000101000111010010010000101000001110000010100001001001011100010100000111000001010000100100101110001010
0100000100010000010001111111111111000010000010001000001000011111111111110001000001000100000100001111111111111000100
1010001001001000101011101000000000000101000100100100010100000000000010111010100010010010001010000000000001011101010
0001010010100101000001111111111111000000101001010010100000011111111111110000010100101001010000001111111111111000001
0000100100010010000000111010010010000000010010001001000000001001001011100000001001000100100000000100100101110000000
0001001001001001000000011001001001000000100100100100100000010010010011000000010010010010010000001001001001100000001
1110010011100100111000111000000000000111001001110010011100000000000011100011100100111001001110000000000001110001110
0001001001001001000001111111111110000000100100100100100000001111111111110000010010010010010000000111111111111000001
0000100100010010000011111111111111000000010010001001000000011111111111111000001001000100100000001111111111111100000
0001010010100101000001111111111110100000101001010010100000101111111111110000010100101001010000010111111111111000001
1010001001001000101001001000100100010101000100100100010101000100100010010010100010010010001010100010010001001001010
0100000100010000010001001000100100000010000010001000001000000100100010010001000001000100000100000010010001001000100
1010000011100000101011011001101100000101000001110000010100000110110011011010100000111000001010000011011001101101010
