10111000000000000000000000000000000000000011101
01000100000000011111111011111111000000000100010
10100010000000110001001010010001100000001000101
10010001000001100001001010010000110000010001001
10001111100011001001111011110010011000111110001
01001000000110011100001010000111001100000010010
00101000001100101010001010001010100110000010100
00011000001001110111001010011101110010000011000
00001000001000101010011011001010100010000010000
00000000001000011100110001100111000010000000000
00000011111111001001100000110010011111111000000
00000110001001000011000000011000010010001100000
00001100001001000110000000001100010010000110000
00011001001111111100000000000111111110010011000
00110011100001000000000000000000010000111001100
01100101010001000001000000010000010001010100110
01001110111001000001100000110000010011101110010
01000101010011000001010001010000011001010100010
01000011100110000001001010010000001100111000010
01111001001100011111000100011111000110010011110
01001000011000001000100100100010000011000010010
01001000110000000100010101000100000001100010010
01111111100000000010001010001000000000111111110
00000000000000000001110101110000000000000000000
01111111100000000010001010001000000000111111110
01001000110000000100010101000100000001100010010
01001000011000001000100100100010000011000010010
01111001001100011111000100011111000110010011110
01000011100110000001001010010000001100111000010
01000101010011000001010001010000011001010100010
01001110111001000001100000110000010011101110010
01100101010001000001000000010000010001010100110
00110011100001000000000000000000010000111001100
00011001001111111100000000000111111110010011000
00001100001001000110000000001100010010000110000
00000110001001000011000000011000010010001100000
00000011111111001001100000110010011111111000000
00000000001000011100110001100111000010000000000
00001000001000101010011011001010100010000010000
00011000001001110111001010011101110010000011000
00101000001100101010001010001010100110000010100
01001000000110011100001010000111001100000010010
10001111100011001001111011110010011000111110001
10010001000001100001001010010000110000010001001
10100010000000110001001010010001100000001000101
01000100000000011111111011111111000000000100010
10111000000000000000000000000000000000000011101
