0010100000101000101000001010001010000010100010100000101000101000001010001010000010100010100000101000101000001010001
0101000000010101010000000101010100000001010101000000010101010000000101010100000001010101000000010101010000000101010
1010000000001010100000000010101000000000101010000000001010100000000010101000000000101010000000001010100000000010101
0100000000000101000000000001010000000000010100000000000101000000000001010000000000010100000000000101000000000001010
0100110001100101001100011001010011000110010100110001100101001100011001010011000110010100110001100101001100011001010
0110011011001101100110110011011001101100110110011011001101100110110011011001101100110110011011001101100110110011011
1011011011011010110110110110101101101101101011011011011010110110110110101101101101101011011011011010110110110110101
1001110001110010011100011100100111000111001001110001110010011100011100100111000111001001110001110010011100011100100
1100100000100111001000001001110010000010011100100000100111001000001001110010000010011100100000100111001000001001110
1110000000001111100000000011111000000000111110000000001111100000000011111000000000111110000000001111100000000011111
0101000000010101010000000101010100000001010101000000010101010000000101010100000001010101000000010101010000000101010
0100100000100101001000001001010010000010010100100000100101001000001001010010000010010100100000100101001000001001010
0111110001111101111100011111011111000111110111110001111101111100011111011111000111110111110001111101111100011111011
1000111011100010001110111000100011101110001000111011100010001110111000100011101110001000111011100010001110111000100
0111110001111101111100011111011111000111110111110001111101111100011111011111000111110111110001111101111100011111011
0100100000100101001000001001010010000010010100100000100101001000001001010010000010010100100000100101001000001001010
0101000000010101010000000101010100000001010101000000010101010000000101010100000001010101000000010101010000000101010
1110000000001111100000000011111000000000111110000000001111100000000011111000000000111110000000001111100000000011111
1100000000000111000000000001110000000000011100000000000111000000000001110000000000011100000000000111000000000001110
1000000000000010000000000000100000000000001000000000000010000000000000100000000000001000000000000010000000000000100
