110010100001000000000100001010011
110011110001100000001100011110011
001010100001110000011100001010100
000110000001111000111100000011000
111110001101111101111101100011111
010001111010111101111010111100010
111001000101011101110101000100111
010001000010101101101010000100010
000011000001010101010100000110000
000010100000101010101000001010000
000001010000011010110000010100000
111110101000010111010000101011111
011111010100010101010001010111110
001111101011110111011110101111100
000111110110001010100011011111000
000011111001110000011100111110000
000000000111011010110111000000000
000011111001110000011100111110000
000111110110001010100011011111000
001111101011110111011110101111100
011111010100010101010001010111110
111110101000010111010000101011111
000001010000011010110000010100000
000010100000101010101000001010000
000011000001010101010100000110000
010001000010101101101010000100010
111001000101011101110101000100111
010001111010111101111010111100010
111110001101111101111101100011111
000110000001111000111100000011000
001010100001110000011100001010100
110011110001100000001100011110011
110010100001000000000100001010011
