10001111111101110100000111111111111111111100000101110111111110001
01010001000010101000001000000010101000000010000010101000010001010
00100000100001010000010000000101110100000001000001010000100000100
01010000100000100000100000001010101010000000100000100000100001010
10001001000000100001000000010100100101000000010000100000010010001
10000110000000100010000000101000100010100000001000100000001100001
10000110000001000111111111010000100001011111111100010000001100001
11001001000010000001000000100000100000100000010000001000010010011
10110000111100000001011110100000100000101111010000000111100001101
11000000100000000001010010100000100000101001010000000000100000011
10000000100000000110010010100001010000101001001100000000100000001
01000001000000001000011110100010001000101111000010000000010000010
10100010000000001010100000100100000100100000101010000000001000101
11011100000000110001000111101000000010111100010001100000000111011
10100000000001001010101000110000000001100010101010010000000000101
01000000000001000100001000100000000000100010000100010000000000010
10000000001110101010110000000000000000000001101010101110000000001
00000010010000010001000000000001010000000000010001000001001000000
00000110010010101001000000000010101000000000010010101001001100000
00001011100001000110000000011101110111000000001100010000111010000
00010010000010101000000000100010101000100000000010101000001001000
00100010111100001000000001000001010000010000000010000111101000100
01000010100100001000000010000000100000001000000010000100101000010
10000010100100110000000010000000100000001000000001100100101000001
10000010111101000000011110000110101100001111000000010111101000001
10000010000001000000100000001001110010000000100000010000001000001
10000101111111110001000000110000100001100000010001111111110100001
10001010000000100010000000110000100001100000001000100000001010001
10010100000001000010000001001000100010010000001000010000000101001
10101000000010000010000010000101010100001000001000001000000010101
11010000000100000101000010000010001000001000010100000100000001011
10100000001000001010100001000101010100010000101010000010000000101
11111111110000010111011111111000100011111111011101000001111111111
10100000001000001010100001000101010100010000101010000010000000101
11010000000100000101000010000010001000001000010100000100000001011
10101000000010000010000010000101010100001000001000001000000010101
10010100000001000010000001001000100010010000001000010000000101001
10001010000000100010000000110000100001100000001000100000001010001
10000101111111110001000000110000100001100000010001111111110100001
10000010000001000000100000001001110010000000100000010000001000001
10000010111101000000011110000110101100001111000000010111101000001
10000010100100110000000010000000100000001000000001100100101000001
01000010100100001000000010000000100000001000000010000100101000010
00100010111100001000000001000001010000010000000010000111101000100
00010010000010101000000000100010101000100000000010101000001001000
00001011100001000110000000011101110111000000001100010000111010000
00000110010010101001000000000010101000000000010010101001001100000
00000010010000010001000000000001010000000000010001000001001000000
10000000001110101010110000000000000000000001101010101110000000001
01000000000001000100001000100000000000100010000100010000000000010
10100000000001001010101000110000000001100010101010010000000000101
11011100000000110001000111101000000010111100010001100000000111011
10100010000000001010100000100100000100100000101010000000001000101
01000001000000001000011110100010001000101111000010000000010000010
10000000100000000110010010100001010000101001001100000000100000001
11000000100000000001010010100000100000101001010000000000100000011
10110000111100000001011110100000100000101111010000000111100001101
11001001000010000001000000100000100000100000010000001000010010011
10000110000001000111111111010000100001011111111100010000001100001
10000110000000100010000000101000100010100000001000100000001100001
10001001000000100001000000010100100101000000010000100000010010001
01010000100000100000100000001010101010000000100000100000100001010
00100000100001010000010000000101110100000001000001010000100000100
01010001000010101000001000000010101000000010000010101000010001010
10001111111101110100000111111111111111111100000101110111111110001
