101010100111000111000111000111001010101
101011010010011100101001110010010110101
101011101000111101010101111000101110101
101011110101111100010001111101011110101
101000001010000011111110000010100000101
010111101101000011101110000101101111010
001011101110100011101110001011101110100
100101101111010011000110010111101101001
001010100000101010010010101000001010100
010001011110110100111001011011110100010
100010101110111010010010111011101010001
000110010110111101000101111011010011000
001110101010000010101010000010101011100
011110110101111011010110111101011011110
011110000010111011101110111010000011110
011101111101011011111110110101111101110
011011111000101000000000101000111110110
010111110001010111111111010100011111010
101111100010001000000000100010001111101
010000000100100111111111001001000000010
101111100010001000000000100010001111101
010111110001010111111111010100011111010
011011111000101000000000101000111110110
011101111101011011111110110101111101110
011110000010111011101110111010000011110
011110110101111011010110111101011011110
001110101010000010101010000010101011100
000110010110111101000101111011010011000
100010101110111010010010111011101010001
010001011110110100111001011011110100010
001010100000101010010010101000001010100
100101101111010011000110010111101101001
001011101110100011101110001011101110100
010111101101000011101110000101101111010
101000001010000011111110000010100000101
101011110101111100010001111101011110101
101011101000111101010101111000101110101
101011010010011100101001110010010110101
101010100111000111000111000111001010101
