11111110111111100000000000111111101111111
10000010100000100000000000100000101000001
10111010101110100000000000101110101011101
10101010101010100000000000101010101010101
10111111111110100000000000101111111111101
10001010101000100000000000100010101010001
11111111111111100000000000111111111111111
00001010101000000000000000000010101010000
11111111111111111111111111111111111111111
10001010101000000000000000000010101010001
10111111111111111111111111111111111111101
10101010101000000000000000000010101010101
10111010101011101110001110111010101011101
10000010101011011101010111011010101000001
11111110101010011000100011001010101111111
00000000101001101010101010110010100000000
00000000101011110110101101111010100000000
00000000101011001110101110011010100000000
00000000101010011110101111001010100000000
00000000101001000001010000010010100000000
00000000101000111110001111100010100000000
00000000101001000001010000010010100000000
00000000101010011110101111001010100000000
00000000101011001110101110011010100000000
00000000101011110110101101111010100000000
00000000101001101010101010110010100000000
11111110101010011000100011001010101111111
10000010101011011101010111011010101000001
10111010101011101110001110111010101011101
10101010101000000000000000000010101010101
10111111111111111111111111111111111111101
10001010101000000000000000000010101010001
11111111111111111111111111111111111111111
00001010101000000000000000000010101010000
11111111111111100000000000111111111111111
10001010101000100000000000100010101010001
10111111111110100000000000101111111111101
10101010101010100000000000101010101010101
10111010101110100000000000101110101011101
10000010100000100000000000100000101000001
11111110111111100000000000111111101111111
