0000000000000000000000000000000000000000111111110000000100000000010000000111111110000000000000000000000000000000000000000
0000000000000000000000100000000000000001111111100000001110100010111000000011111111000000000000000000000000000000000000000
0000000000000000000001110000000000000011111111000000000101110111010000000001111111100000000000000000000000000000000000000
0000000000000000000000111000000000000111111110001100000010111110100000011000111111110000000000000000100000000000000000000
0000000000000000000000011100000000001111111100101000000111011101110000001010011111111000000000000001110000000000000000000
0000000000000000000000001110000000000111111001101011000010001000100001101011001111110000000000000011100000000000000000000
0000000000000010000000000111000000000011110000011010000001101011000000101100000111100000000000000111000000000000000000000
0000000000000111000000001110000000000001110011111010110011111111100110101111100111000000000000001110000000000000000000000
0000001100001111100000011101000000011111110010000110100001101011000010110000100111111100000000011100000000001000000000000
0000001110011101110000111011100000111111111000111110101100001000011010111110001111111110000000001110000000011100000000000
0000000110011000110001111111110001111110011100100001101000001000001011000010011100111111000000010111000000111110000110000
0000000001010011110011110011100011111100111110001111101000101010001011111000111110011111100000111011100001110111001110000
0000000000110001100111111001000001111001111111001000011001111111001100001001111111001111000001111111110001100011001100000
0000000111110100001111111100000000110011111111100011111000101010001111100011111111100110000000111001111001111001010000000
0000001110001100011110101110000000000111111111110010000100001000010000100111111111110000000000010011111100110001100000000
0000011100011101011100000111000000001111110000110000110010111110100110000110000111111000000000000111111110000101111100000
0000111001000011011000000111000000011111100000110001111001001001001111000110000011111100000000001110101111000110001110000
0000011101100111011000011111000000011111000000110011001001111111001001100110000001111100000000011100000111010111000111000
0000001111100000111000001110000000011111001100110011010011001001100101100110011001111100000000011100000011011000010011100
0000000111001111111000000100000000011111111100110011000110111110110001100110011111111100000000011111000011011100110111000
0000000000011111111100000000000000001111111000110001111100001000011111000110001111111000000000001110000011100000111110000
0000000000111100001110100010000000000111110000110000111000001000001110000110000111110000000000000100000011111110011100000
0000000001111000000111110111100000000011100000110000000011111111100000000110000011100000000000000000000111111111000000000
1000000011110000000010110110100000000000000000111111111111111111111111111110000000000000000000001000101110000111100000000
1100000111111000000111010101110000000000000011111111111111111111111111111110000000000000000000111101111100000011110000000
1110001111110001000011110111100000000000001111111111111111111111111111111111100000000000000000101101101000000001111000000
0111011110111001100000000000000000000000111111111111111111000000000000011100111000000000000001110101011100000011111100000
0011111010011111110011110111100000000011111111111111001110000000000000001100011110000000000000111101111000010001111110001
0001110111001111100111010101110000001111111111111111000100000000000000000100011111100000000000000000000000110011101111011
0000101111100111000010110110100000111111111111111111000100001100000000000000011111111000000000111101111001111111001011111
0000000111000000000011110111100011111111111111111111100000011110000000000000111111111110000001110101011100111110011101110
0000000010000000000000100010011111111110000000000000010000111111000100110001111111111111100000101101101000011100111110100
0000000000000000000000000000011111111100000000000000000000111001000100001011111111111111111000111101111000000000011100000
0000000000000000000000000000011111111000000000000000000000111000000100001111111000001111111111001000100000000000001000000
0000000000000000000000000000111111110000111111111110000000111100001110011111100000000111111111000000000000000000000000000
0000000000000000000000000000111111100001111111111111000000111110011111111110000000000011111111000000000000000000000000000
0000000100000000000000000001111111000011001111111111100000011111111111111000000111100001111111100000000000000000010000000
0000001110000000000000000001111110000110000100011111110000001111111111110000000111110000111111100000000000000000111000000
0000011111000000000000000011111100001110000000001111111000000111111111000000000110011000011111110000000000000001111100000
0000111111001111000000000011111000011001100000001111111100000000000000000101000110001100001111110000000001111001111110000
1000111110011111100000000111110000110000000011001111111111000000000000001001000111000110000111111000000011111100111110001
1100111100111111110000000111100001100000000111001111111111110000000000010001000011100011000011111000000111111110011110011
1110111001111111111000001111100011000100000111111111111111111111111111110011100001000011100001111100001111111111001110111
1111110011111111111000001111100011001110001111111111111111111111111111111111110000000100110000111100001111111111100111111
1111110111111001111000011111100011111100001111111111111111111111111111111111111000000100011000111110001111001111110111111
1111111111110001110000011111100011111000011111111110000000000000000000111111111100000000011000111110000111000111111111111
1100011111100011100000111111110000000000111111111100000111111111110000011111111111000000111000111111000011100011111100011
1000001111100011000000111111110000000001111111111001010011000001100101001111111111110001111000111111000001100011111000001
0001100111100000000001100011111000000011111111110011011001100011001101100111111111111000111000111111100000000011110011000
0101000011100000000001000001111000011111111111100111010100110110010101110011111111111000111000111111100000000011100001010
1101011001111111111111000000111100000011111111001101010010011100100101011001111111100000111000111111111111111111001101011
0011010000111111111111111000011100010001111110011001010001001001000101001100111111100001111000111111111111111110000101100
1111010110000000000111110000111110001001111100110001010000100010000101000110011111111111111000111111110000000000110101111
0000110100000000000111100001001111000111111001100001010000010100000101000011001111111111111000111111110000000000010110000
0111110101100111000111000001000111000011110011000001010000001000000101000001100111111111111000111111110001110011010111110
0100001101001111100111000000000111100011100111111111011111111111111101111111110011111111110000111111110011111001011000010
0001111101011000110111000000001111100011100000000000010000000000000100000000000011111111100000100011110110001101011111000
0001000011011010110111000001111111100011100111111111111001111111001111111111110011111111000001000011110110101101100001000
0000011111001100110111000000001111100011100010000001010001011101000101000000100011111110000000000111110110011001111100000
1000010000100001100111000000000111100011101001000001000001001001000001000001001011111100000000011111110011000010000100001
1101000000010011001111000000000011100011101100100001000001000001000001000010011011111000000000000111111001100100000001011
1011100010001110001111000001100011100011101110010001011111001001111101000100111011111000000000000011111000111000100011101
0011100111010101001111000011000111100011101011001001010000010100000101001001101011110000011111000001111001010101110011100
1001000010010101001111000111001111100011101001100101011000111110001101010011001011110000111111100001111001010100100001001
1111111111111111111111000111111111000011101000110011011101010101011101100110001011100001111111110001111111111111111111111
1001000010010101001111000011111110000111101001100101011000111110001101010011001011100011111001110001111001010100100001001
0011100111010101001111000001111100000111101011001001010000010100000101001001101011100011110001100001111001010101110011100
1011100010001110001111100000000000001111101110010001011111001001111101000100111011100011100011000001111000111000100011101
1101000000010011001111110000000000001111101100100001000001000001000001000010011011100011100000000001111001100100000001011
1000010000100001100111111100000000011111101001000001000001001001000001000001001011100011110000000001110011000010000100001
0000011111001100110111110000000000111111100010000001010001011101000101000000100011100011111000000001110110011001111100000
0001000011011010110111100001000001111111100111111111111001111111001111111111110011100011111111000001110110101101100001000
0001111101011000110111100010000011111111100000000000010000000000000100000000000011100011111000000001110110001101011111000
0100001101001111100111111110000111111111100111111111011111111111111101111111110011100011110000000001110011111001011000010
0111110101100111000111111110001111111111110011000001010000001000000101000001100111100001110001000001110001110011010111110
0000110100000000000111111110001111111111111001100001010000010100000101000011001111110001111001000011110000000000010110000
1111010110000000000111111110001111111111111100110001010000100010000101000110011111001000111110000111110000000000110101111
0011010000111111111111111110001111000011111110011001010001001001000101001100111111000100011100001111111111111110000101100
1101011001111111111111111110001110000011111111001101010010011100100101011001111111100000011110000001111111111111001101011
0101000011100000000011111110001110001111111111100111010100110110010101110011111111111100001111000001000000000011100001010
0001100111100000000011111110001110001111111111110011011001100011001101100111111111100000001111100011000000000011110011000
1000001111100011000001111110001111000111111111111001010011000001100101001111111111000000000111111110000001100011111000001
1100011111100011100001111110001110000001111111111100000111111111110000011111111110000000000111111110000011100011111100011
1111111111110001110000111110001100000000011111111110000000000000000000111111111100001111100011111100000111000111111111111
1111110111111001111000111110001100010000001111111111111111111111111111111111111000011111100011111100001111001111110111111
1111110011111111111000011110000110010000000111111111111111111111111111111111111000111001100011111000001111111111100111111
1110111001111111111000011111000011100001000011100111111111111111111111111111110000010001100011111000001111111111001110111
1100111100111111110000001111100001100011100001000100000000000111111111111001110000000011000011110000000111111110011110011
1000111110011111100000001111110000110001110001001000000000000001111111111001100000000110000111110000000011111100111110001
0000111111001111000000000111111000011000110001010000000000000000011111111000000011001100001111100000000001111001111110000
0000011111000000000000000111111100001100110000000001111111110000001111111000000000111000011111100000000000000001111100000
0000001110000000000000000011111110000111110000000111111111111000000111111100010000110000111111000000000000000000111000000
0000000100000000000000000011111111000011110000001111111111111100000011111111111001100001111111000000000000000000010000000
0000000000000000000000000001111111100000000000111111111100111110000001111111111111000011111110000000000000000000000000000
0000000000000000000000000001111111110000000011111100111000011110000000111111111110000111111110000000000000000000000000000
0000001000000000000010001001111111111000001111111000010000001110000000000000000000001111111100000000000000000000000000000
0000011100000000001111011110001111111111111111101000010001001110000000000000000000011111111100000000000000000000000000000
0010111110011100001011011010000011111111111111000110010001111110000100000000000000111111111100100010000000000000100000000
0111011100111110011101010111000000111111111110000000000000111100000011111111111111111111100011110111100000000001110000000
1111101001111111001111011110000000001111111100000000000000011000010001111111111111111110000010110110100001110011111010000
1101111011100110000000000000000000000011111100010000000000000000010001111111111111111000000111010101110011111001110111000
1000111111000100001111011110000000000000111100011000000000000000111001111111111111100000000011110111100111111100101111100
0000011111100000011101010111000000000000001110011100000000000001111111111111111110000000000000000000000011001110111101110
0000001111000000001011011010000000000000000011111111111111111111111111111111111000000000000011110111100001000111111000111
0000000111100000011111011110000000000000000000111111111111111111111111111111100000000000000111010101110000001111110000011
0000000011110000111010001000000000000000000000111111111111111111111111111110000000000000000010110110100000000111100000001
0000000001111111110000000000000000000011100000110000000011111111100000000110000011100000000011110111110000001111000000000
0000011100111111100000010000000000000111110000110000111000001000001110000110000111110000000000100010111000011110000000000
0000111110000011100000111000000000001111111000110001111100001000011111000110001111111000000000000000011111111100000000000
0001110110011101100001111100000000011111111100110011000110111110110001100110011111111100000000010000001111111001110000000
0011100100001101100000011100000000011111001100110011010011001001100101100110011001111100000000111000001110000011111000000
0001110001110101110000011100000000011111000000110011001001111111001001100110000001111100000001111100001101110011011100000
0000111000110001111010111000000000011111100000110001111001001001001111000110000011111100000001110000001101100001001110000
0000011111010000111111110000000000001111110000110000110010111110100110000110000111111000000001110000011101011100011100000
0000000011000110011111100100000000000111111111110010000100001000010000100111111111110000000000111010111100011000111000000
0000000101001111001111001110000000110011111111100011111000101010001111100011111111100110000000011111111000010111110000000
0000011001100011000111111111000001111001111111001000011001111111001100001001111111001111000001001111110011000110000000000
0000111001110111000011101110000011111100111110001111101000101010001011111000111110011111100011100111100111100101000000000
0000110000111110000001110100000001111110011100100001101000001000001011000010011100111111000111111111000110001100110000000
0000000000011100000000111000000000111111111000111110101100001000011010111110001111111110000011101110000111011100111000000
0000000000001000000000011100000000011111110010000110100001101011000010110000100111111100000001011100000011111000011000000
0000000000000000000000111000000000000001110011111010110011111111100110101111100111000000000000111000000001110000000000000
0000000000000000000001110000000000000011110000011010000001101011000000101100000111100000000001110000000000100000000000000
0000000000000000000011100000000000000111111001101011000010001000100001101011001111110000000000111000000000000000000000000
0000000000000000000111000000000000001111111100101000000111011101110000001010011111111000000000011100000000000000000000000
0000000000000000000010000000000000000111111110001100000010111110100000011000111111110000000000001110000000000000000000000
0000000000000000000000000000000000000011111111000000000101110111010000000001111111100000000000000111000000000000000000000
0000000000000000000000000000000000000001111111100000001110100010111000000011111111000000000000000010000000000000000000000
0000000000000000000000000000000000000000111111110000000100000000010000000111111110000000000000000000000000000000000000000
