0000100000001000001000001000000010000
0001110000011100011100011100000111000
0011111000110110001000110110001111100
1110111001101100001000011011001110111
0011111011011001101011001101101111100
0001111001101100111110011011001111000
0011111000110110011100110110001111100
0111111000011100001000011100001111110
1111111100001000001000001000011111111
1111111110000000001000000000111111111
0111111111000001111111000001111111110
0011111111100000110110000011111111100
0001111110110000011100000110111111000
0000101011011000001000001101101010000
0000101001101100011100011011001010000
0000101000110110111110110110001010000
0001010100011011000001101100010101000
