0100001000000000000000011100000000000000001000010
1100001000110000000000111110000000000110001000011
0010001001111000000001101011000000001111001000100
0001001011011100000011001001100000011101101001000
0000111011101000000110011100110000001011101110000
0000101101110000001100110110011000000111011010000
1111110110111000011001100011001100001110110111111
0000011011111111110000110110000111111111101100000
0001101100000000000000011100000000000000011011000
0011110100000000000000001000000000000000010111100
0110111100000000000000000000000000000000011110110
0111011100000000000000000000000000000000011101110
0011101100001000010000000000000100001000011011100
0001000100000101010000000000000101010000010001000
0000000100000011010000001000000101100000010000000
0000000100000111010000011100000101110000010000000
0000000100000000110000110110000110000000010000000
0000001100001111110011100011100111111000011000000
0000011000000000001100110110011000000000001100000
0000110000000000001100010100011000000000000110000
0001100000000000010000010100000100000000000011000
0011001000000000010000010100000100000000001001100
0110011100000000111000010100001110000000011100110
1100110110000001101111110111111011000000110110011
1111100011000011000000000000000001100001100011111
1100110110000001101111110111111011000000110110011
0110011100000000111000010100001110000000011100110
0011001000000000010000010100000100000000001001100
0001100000000000010000010100000100000000000011000
0000110000000000001100010100011000000000000110000
0000011000000000001100110110011000000000001100000
0000001100001111110011100011100111111000011000000
0000000100000000110000110110000110000000010000000
0000000100000111010000011100000101110000010000000
0000000100000011010000001000000101100000010000000
0001000100000101010000000000000101010000010001000
0011101100001000010000000000000100001000011011100
0111011100000000000000000000000000000000011101110
0110111100000000000000000000000000000000011110110
0011110100000000000000001000000000000000010111100
0001101100000000000000011100000000000000011011000
0000011011111111110000110110000111111111101100000
1111110110111000011001100011001100001110110111111
0000101101110000001100110110011000000111011010000
0000111011101000000110011100110000001011101110000
0001001011011100000011001001100000011101101001000
0010001001111000000001101011000000001111001000100
1100001000110000000000111110000000000110001000011
0100001000000000000000011100000000000000001000010
