100001000011100000000100000001000000001110000100001
011111100111110000000110000011000000011111001111110
010010101110010000000111000111000000010011101010010
010010101111000000000111101111000000000111101010010
011101001101100000000111101111000000001101100101110
110011100110110011111011101110111110011011001110011
011101110011011001111101101101111100110110011101110
000000111001111000111110101011111000111100111000000
001110011100111000011111010111110000111001110011100
011111001110110000000000111000000000011011100111110
111101100110100000011111010111110000001011001101111
110110110001000000111110101011111000000100011011011
110011011110110001111101101101111100011011110110011
011001111100110011111011101110111110011001111100110
000000111000001000000111101111000000100000111000000
000000000000000100000111101111000001000000000000000
101011000000000010000111010111000010000000000110101
011010000000000001000110010011000100000000000010110
111010110000000000100100010001001000000000011010111
000110100000000000010000101000010000000000001011000
111110101100000000001001000100100000000001101011111
100001101000000000000100101001000000000000101100001
001111101011000000001110010011100000000110101111100
001000011010000000000111010111000000000010110000100
000011111010110000000011101110000000011010111110000
000010000110100000000101010101000000001011000010000
000000111110100000001110111011100000001011111000000
000000100001100000000101010101000000001100001000000
000000001111100000000011101110000000001111100000000
000000001000010000000111010111000000010000100000000
000000000000001000001110101011100000100000000000000
000000000000000100000101000101000001000000000000000
000000000000000010000010101010000010000000000000000
000000000000000001100100010001001100000000000000000
000010000010000001101000000000101100000010000010000
000011000110000000010000000000010000000011000110000
000011101110000000100000000000001000000011101110000
000011101110000001000110000011000100000011101110000
111101101101111010001001000100100010111101101101111
011110101011110100000001000100000001011110101011110
001111010111101010000011010110000010101111010111100
000000111000010001000101101101000100010000111000000
001111010111101010000011010110000010101111010111100
011110101011110100000001000100000001011110101011110
111101101101111010001001000100100010111101101101111
000011101110000001000110000011000100000011101110000
000011101110000000100000000000001000000011101110000
000011000110000000010000000000010000000011000110000
000010000010000001101000000000101100000010000010000
000000000000000001100100010001001100000000000000000
000000000000000010000010101010000010000000000000000
000000000000000100000101000101000001000000000000000
000000000000001000001110101011100000100000000000000
000000001000010000000111010111000000010000100000000
000000001111100000000011101110000000001111100000000
000000100001100000000101010101000000001100001000000
000000111110100000001110111011100000001011111000000
000010000110100000000101010101000000001011000010000
000011111010110000000011101110000000011010111110000
001000011010000000000111010111000000000010110000100
001111101011000000001110010011100000000110101111100
100001101000000000000100101001000000000000101100001
111110101100000000001001000100100000000001101011111
000110100000000000010000101000010000000000001011000
111010110000000000100100010001001000000000011010111
011010000000000001000110010011000100000000000010110
101011000000000010000111010111000010000000000110101
000000000000000100000111101111000001000000000000000
000000111000001000000111101111000000100000111000000
011001111100110011111011101110111110011001111100110
110011011110110001111101101101111100011011110110011
110110110001000000111110101011111000000100011011011
111101100110100000011111010111110000001011001101111
011111001110110000000000111000000000011011100111110
001110011100111000011111010111110000111001110011100
000000111001111000111110101011111000111100111000000
011101110011011001111101101101111100110110011101110
110011100110110011111011101110111110011011001110011
011101001101100000000111101111000000001101100101110
010010101111000000000111101111000000000111101010010
010010101110010000000111000111000000010011101010010
011111100111110000000110000011000000011111001111110
100001000011100000000100000001000000001110000100001
