1000101010001010100010101000101010001
0010010100100101001001010010010100100
0101001001010010010100100101001001010
1010100010101000101010001010100010101
1010100010101000101010001010100010101
1010100010101000101010001010100010101
0101001001010010010100100101001001010
0010010100100101001001010010010100100
1000101010001010100010101000101010001
1000101010001010100010101000101010001
1000101010001010100010101000101010001
0010010100100101001001010010010100100
0101001001010010010100100101001001010
1010100010101000101010001010100010101
1010100010101000101010001010100010101
1010100010101000101010001010100010101
0101001001010010010100100101001001010
0010010100100101001001010010010100100
1000101010001010100010101000101010001
1000101010001010100010101000101010001
1000101010001010100010101000101010001
0010010100100101001001010010010100100
0101001001010010010100100101001001010
1010100010101000101010001010100010101
