0101010100110000011111111011111111000001100101010101010101001100000111111110111111110000011001010101010101010011000
0011011001001000110000000100000001100010010011011000110110010010001100000001000000011000100100110110001101100100100
0111011101000101100000000100000000110100010111011101110111010001011000000001000000001101000101110111011101110100010
0000100000110011000000001110000000011001100000100000001000001100110000000011100000000110011000001000000010000011001
0101011100000110001010001110001010001100000111010101010111000001100010100011100010100011000001110101010101110000011
1010011000001100000110010101001100000110000011001010100110000011000001100101010011000001100000110010101001100000110
1100010100011000001110101010101110000011000101000111000101000110000011101010101011100000110001010001110001010001100
1100000000110011000001000100010000011001100000000111000000001100110000010001000100000110011000000001110000000011001
1000000001101000101110111011101110100010110000000010000000011010001011101110111011101000101100000000100000000110100
1000000011000100100110110001101100100100011000000010000000110001001001101100011011001001000110000000100000001100010
0111111110000011001010101010101010011000001111111101111111100000110010101010101010100110000011111111011111111000001
