00000000000000000000000000000110001100000000000000000000000000000110001100000000000000000000000000000
00000000000000000000000000000101010100000000000000000000000000000101010100000000000000000000000000000
00010100000000000000000000000011011000000000000000000000000000000011011000000000000000000000000101000
00110110000000000000000000000000100000000000000000000000000000000000100000000000000000000000001101100
01110111000000000000000000000011011000000000000000100000000000000011011000000000000000000000011101110
00001000000000010000000000000101010100011110000001010000001111000101010100000000000001000000000010000
01110111000000010000000000000110001100001001000001010000010010000110001100000000000001000000011101110
00110110000000101000000000000000000000000100100010001000100100000000000000000000000010100000001101100
00010100000001000100000000000000000011110010100010001000101001111000000000000000000100010000000101000
00000000000001000010000000000000000100001010100010001000101010000100000000000000001000010000000000000
00001000000010000010000000000000001111000101010100100101010100011110000000000000001000001000000010000
00001111000010000010000000000000000000100001010100100101010000100000000000000000001000001000011110000
00000100111010000100000111100000000111110001010100100101010001111100000000111100000100001011100100000
00000010000101000100111000011000001000001000101000100010100010000010000011000011100100010100001000000
00000001100010100101000000001101010000000100101000100010100100000001010110000000010100101000110000000
00000000010010101010000000110010010111000100101000100010100100011101001001100000001010101001000000000
00000000001111010010000111000000011000100010010100100101001000100011000000011100001001011110000000000
00000101100000010100111000000000001000010010010100100101001001000010000000000011100101000000110100000
00000010010011101111000111000000000100010010010100100101001001000100000000011100011110111001001000000
00000001001100010000111000100000000000010001001010101010010001000000000000100011100001000110010000000
00000001100000010111010000110000000000001001001010101010010010000000000001100001011101000000110000000
00000000110000110100101000001000000000001000101010101010100010000000000010000010100101100001100000000
00000000010001101010010100001000000000000100011101010111000100000000000010000101001010110001000000000
00000000011010011010010010000110000000000010001010001010001000000000001100001001001011001011000000000
00000000001100101001001010001001000000000001111111011111110000000000010010001010010010100110000000000
00000000001001000101000101110000100000000000000011111000000000000000100001110100010100010010000000000
00010001000010000100100100000000100000000000000001010000000000000000100000000100100100001000010001000
00011011000010000100010100000000100000000000000001010000000000000000100000000101000100001000011011000
01111111110010001000011000000000100000001000000001010000000010000000100000000011000010001001111111110
00110101100010010000010000101000011110010100000000100000000101001111000010100001000001001000110101100
00011011000001100000100001101100001001010010011110101111001001010010000110110000100000110000011011000
00110101100001100000000011101110000100100010100010101000101000100100001110111000000000110000110101100
01111111110000100000000000010000000110100001000010101000010000101100000001000000000000100001111111110
00011011000000010000000011101110001000000001000010101000010000000010001110111000000001000000011011000
00010001000000001110000001101100010000000000000100100100000000000001000110110000001110000000010001000
00000000000000000001000000101000100011110000000100100100000001111000100010100000010000000000000000000
00000000000000000000100000000000100100001000000100100100000010000100100000000000100000000000000000000
00000000000000000000100000000000101000000100000010101000000100000010100000000000100000000000000000000
00000000000000000000110000000000110000001000000001110000000010000001100000000001100000000000000000000
00000000000000000000101100000000010000001000100010101000100010000001000000000110100000000000000000000
00000000001110000000100010000000001000000101011100100111010100000010000000001000100000001110000000000
00000010010011000000100010000000000000000010000000100000001000000000000000001000100000011001001000000
00000110100100100000100010001000000000001000011100100111000010000000000010001000100000100100101100000
00001010100100000000010010011001100011001100100010101000100110011000110011001001000000000100101010000
00001010100100000000010010000010010100100001001010101010010000100101001000001001000000000100101010000
00001001100010000000001001000101010101010001000100100100010001010101010100010010000000001000110010000
01001000100001110000001001001010110110101000100000100000100010101101101010010010000001110000100010010
01100100010000001100001001001001010101001000010000100001000010010101010010010010000110000001000100110
01010010001100000010000111000111101011110000010000100001000001111010111100011100001000000110001001010
01001100000011100001000010000000010100000000010000100001000000000101000000001000010000111000000110010
00100011100000011000100010000111101011110001100000100000110001111010111100001000100011000000111000100
00011100011100000100100010001001010101001010010000100001001010010101010010001000100100000111000111000
00000011100011100010100010001010110110101010001000100010001010101101101010001000101000111000111000000
00000000011100011111100001000101010101010010101000100010101001010101010100010000111111000111000000000
00000011100011100010100001000010010100100001001000100010010000100101001000010000101000111000111000000
00011100000000011101100001011001100011001100001000100010000110011000110011010000110111000000000111000
01100000000000000010110001001000000000001000000101010100000010000000000010010001101000000000000000110
10000011111111111100011110100000000000000000000101010100000000000000000000101111000111111111111000001
01100000000000000010110000100000000000000000000101010100000000000000000000100001101000000000000000110
00011100000000011101100000110000000000000000000010101000000000000000000001100000110111000000000111000
00000011100011100010100000001111000000011110000101110100001111000000011110000000101000111000111000000
00000000011100011111100000000000100000100001000100000100010000100000100000000000111111000111000000000
00000011100011100010100000000010111001000000100011111000100000010011101000000000101000111000111000000
00011100011100000100100000000101000110000000011000100011000000001100010100000000100100000111000111000
00100011100000011000100000001000011000000000000100100100000000000011000010000000100011000000111000100
01001100000011100001000000001011000000000001110010101001110000000000011010000000010000111000000110010
01010010001100000010000000001000100000000010001001010010001000000000100010000000001000000110001001010
01100100010000001100000000000111000000000100110001010001100100000000011100000000000110000001000100110
01001000100001110000000000000000000000001001000001010000010010000000000000000000000001110000100010010
00001001100010000000000000000000000000010010000000100000001001000000000000000000000000001000110010000
00001010100100000000000000000000000001010100000001010000000101010000000000000000000000000100101010000
00001010100100000000000000000000000001010100000001010000000101010000000000000000000000000100101010000
00000110100100100000000000000000000010010100001001010010000101001000000000000000000000100100101100000
00000010010011000000000000000000000100100100001010001010000100100100000000000000000000011001001000000
00000000001110000000000000000000000101000100010100000101000100010100000000000000000000001110000000000
00000000000000000000000000000000000010000011100011111000111000001000000000000000000000000000000000000
00000000000000000000000000000000000000000000000011111000000000000000000000000000000000000000000000000
00000000000000000000000000000000000000000001111001110011110000000000000000000000000000000000000000000
00000000000000000000000000000000001111111000111100100111100011111110000000000000000000000000000000000
00000000000111000111000000000000011011111110011110101111001111111011000000000000011100011100000000000
00000000001000101000100000000000110110000011001110101110011000001101100000000000100010100010000000000
00000000010000101000010000000001101100010011101110101110111001000110110000000001000010100001000000000
00000000100000000000001000000001101000111001100001010000110011100010110000000010000000000000100000000
00000000100001101100001000000001101001111101101110101110110111110010110000000010000110110000100000000
00000011010010010010010110000001101011100101111101010111110100111010110000001101001001001001011000000
00000100101010000010101001000001101001110001101110001110110001110010110000010010101000001010100100000
00001000011010000010110000100001101000111011000111111100011011100010110000100001101000001011000010000
00010000000001000100000000010001101100011110000001110000001111000110110001000000000100010000000001000
00010000111000101000111000010000110110000000000001110000000000001101100001000011100010100011100001000
00010001000100101001000100010000011011000000111001110011100000011011000001000100010010100100010001000
00001101000011010110000101100000001111100001111111111111110000111110000000110100001101011000010110000
00000000100000111000001000000000000011100011111111111111111000111000000000000010000011100000100000000
00001101000011010110000101100000000001100111111011111011111100110000000000110100001101011000010110000
00010001000100101001000100010000000000101111111001110011111110100000000001000100010010100100010001000
00010000111000101000111000010000000100101111111010101011111110100100000001000011100010100011100001000
00010000000001000100000000010000001110101111111011011011111110101110000001000000000100010000000001000
00001000011010000010110000100000011000101110000011111000001110100011000000100001101000001011000010000
00000100101010000010101001000000001111101111011100000111011110111110000000010010101000001010100100000
00000011010010010010010110000000000111000111101101010110111100011100000000001101001001001001011000000
00000000100001101100001000000000000010000111110100100101111100001000000000000010000110110000100000000
00000000100000000000001000000000000000000111101101010110111100000000000000000010000000000000100000000
00000000010000101000010000000000000000000111011100000111011100000000000000000001000010100001000000000
00000000001000101000100000000000000000000010000011111000001000000000000000000000100010100010000000000
00000000000111000111000000000000000000000011111011011011111000000000000000000000011100011100000000000
00000000000000000000000000000000000000000011111010101011111000000000000000000000000000000000000000000
00000000000000000000000000000000000000010001111001110011110001000000000000000000000000000000000000000
00000000000000000000000000000000000000111000111011111011100011100000000000000000000000000000000000000
00000000000000001110000000000000000000101110011111111111001110100000000000000000001110000000000000000
00000000011111110101111111000000000000111000001111111110000011100000000000011111110101111111000000000
00000000111111101010111111100000000000111000000111111100000011100000000000111111101010111111100000000
00000001111110001010001111110000000000111100000001110000000111100000000001111110001010001111110000000
00000011110000001001000001111000000001110110000001110000001101110000000011110000010010000001111000000
00000111000000010001000000011100000011100011000001110000011000111000000111000000010001000000011100000
00000110000000100010100000001100000011111110001111111110001111111000000110000000101000100000001100000
00001100011101000110010011100110000111111100011100000111000111111100001100111001001100010111000110000
00000000111110001110001111110000001110101000111010001011100010101110000001111110001110001111100000000
00000000111110001110000111110000011100101000111001010011100010100111000001111100001110001111100000000
00000011011101100110011011101100111001010101111000000011110101010011100110111011001100110111011000000
00000111101011110110111101011110000000000001111001010011110000000000001111010111101101111010111100000
00000111110111110100111110111110000000000011111010001011111000000000001111101111100101111101111100000
00000111101011110100111101011110000000000011111100000111111000000000001111010111100101111010111100000
00000011011101100000011011101100000000000111111111111111111100000000000110111011000000110111011000000
00000000111110000000000111110000000000000111111111111111111100000000000001111100000000001111100000000
00000000111110000000000111110000000000000111111111111111111100000000000001111100000000001111100000000
00000000011100000000000011100000000000000000000000000000000000000000000000111000000000000111000000000
