000000000000000000000000000000000000000011100000000000000000000000000000000000000000
000000000000000000000000000000000111100111110011110000000000000000000000000000000000
000000000000000000000000000000001111110111110111111000000000000000000000000000000000
000000000000000000000000000000011111111011101111111100000000000000000000000000000000
000000000000000000000000000000011111111101011111111100000000000000000000000000000000
000000000000000000000000000011101111100011100011111011100000000000000000000000000000
000000000000000000000000000111110111011101011101110111110000000000000000000000000000
000000000000000000000000001111110000111011101110000111111000000000000000000000000000
000000000000001000000000001111101110110111110110111011111000000000001000000000000000
000000000000011100000000001111011110100111110010111101111000000000011100000000000000
000000000000111100000000001111011111011011101101111101111000000000011110000000000000
000000000001111100000000001111011110111100011110111101111000000000011111000000000000
000000000011101100000000001111011101100111110011011101111000000000011011100000000000
000000000001101100000000001111011101011001001101011101111000000000011011000000000000
000000000011000110000000001111011101011001001101011101111000000000110001100000000000
000000000011000110000111100111101101100111110011011011110011110000110001100000000000
111111110011000110001111110011101110110011100110111011100111111000110001100111111111
110000011011000110011100011001110111011001001101110111001100011100110001101100000110
011000001101101100111000111100111001100111110011001110011110001110011011011000001100
001100000110101100110001100000011110111001001110111100000011000110011010110000011000
000110000010111101100011000000000111011101011101110000000001100011011110100000110000
000011111111011011000110000001000000111011101110000001000000110001101101111111100000
000000000000010111111100000000111111100111110011111110000000011111110100000000000000
000000111111101111100001100000011110011101011100111100000011000011111011111110000000
000001111111110000011111110000000001111101011111000000000111111100000111111111000000
000011100001101111101100011000100000111001001110000010001100011011111011000011100000
000111000011101110110110001100010000000001000000000100011000110110111011100001110000
001110000111010100011011111110001111000001000001111000111111101100010101110000111000
011100001110110110001001111111001011100001000011101001111111001000110110111000011100
000111111101111011001100111111101100110001000110011011111110011001101111011111110000
000001110011011001100100000110001100111001001110011000110000010011001101100111000000
000000000010011000111100000011000111001101011001110001100000011110001100100000000000
000000000110011000011100000001100011001101011001100011000000011100001100110000000000
000000000110011000001100000000110001111001001111000110000000011000001100110000000000
000000000110011000000100000000011000110101010110001100000000010000001100110000000000
000000000110110000000000000000001100000101010000011000000000000000000110110000000000
000000000111100000000000100000000110000011100000110000000010000000000011110000000000
000000000011000000000000110001110011000001000001100111000110000000000001100000000000
000000000010000000000000111001100001100001000011000011001110000000000000100000000000
000000000010000000000100111101000000110001000110000001011110010000000000100000000000
000000000000000000000011011011100000011011101100000011101101100000000000000000000000
000000000000000000000011101011110000001111111000000111101011100000000000000000000000
000000000000000000111101110011111000000111110000001111100111011110000000000000000000
000000000000000000011110101100111100000110110000011110011010111100000000000000000000
000000000000000000001111010111011110000110110000111101110101111000000000000000000000
000000001000000000000100011011101111000110110001111011101100010000000000001000000000
000000001100000000000011101100110111100110110011110110011011100000000000011000000000
000000000110000000011111101100111011101101011011101110011011111100000000110000000000
000000000011000000011011110111001011101101011011101001110111101100000001100000000000
000000000001111000010001111011001101101101011011011001101111000100001111000000000000
000000111000011000000000111101110101101101011011010111011110000000001100001110000000
000000001111000100000000011110011101001101011001011100111100000000010001111000000000
000000100001111110000000001111100010001101011000100011111000000000111111000010000000
000000010100001110000000000111111101001101011001011111110000000000111000010100000000
000000001111110111111111000011111000100110110010001111100001111111110111111000000000
000000010100001111111111110000000000010010100100000000000111111111111000010100000000
000000100001111110000000111100000000010001000100000000011110000000111111000010000000
000000001111001110000000001111000001001001001001000001111000000000111001111000000000
000000111000011100000011111011100000100101010010000011101111100000011100001110000000
000000000001110000001110000000110000110011100110000110000000111000000111000000000000
000000000011000000010000001110011000110001000110001100111000000100000001100000000000
000000000110011000100000010011101100011001001100011011100100000010001100110000000000
000000000100011001000001100000000110011101011100110000000011000001001100010000000000
000000001101100110000010001111110011001101011001100111111000100000110011011000000000
000000111001100110000000011111111001101101011011001111111100000000110011001110000000
000000110000011001100000100000011110110101010110111100000010000011001100000110000000
000000110000011001100000000000000111011001001101110000000000000011001100000110000000
000000111001100110000000000000000000001101011000000000000000000000110011001110000000
000000101001100110000000000000001000000101010000001000000000000000110011001010000000
000000101100000000000000000000000111100011100011110000000000000000000000011010000000
000000110110111000001111111110000011111001001111100000111111111000001110110110000000
000000011011111000011000000001000001111101011111000001000000001100001111101100000000
000000001100110000110011111110100000111101011110000010111111100110000110011000000000
000000000111100001100110000011010000011101011100000101100000110011000011110000000000
000000000000010001001000000000101000001101011000001010000000001001000100000000000000
000000000000100011001000011000101000000011100000001010001100001001100010000000000000
000000000001000011001000111100101000011110111100001010011110001001100001000000000000
000000000010000011001000100100101011100001000011101010010010001001100000100000000000
000000011100000011001000100111101111011110111101111011110010001001100000011100000000
000000111110000011001000110000011011100001000011101100000110001001100000111110000000
000000111110000011001000111000110000011110111100000110001110001001100000111110000000
000011011101100001001100001111100000000011100000000011111000011001000011011101100000
000111101011110001100100000000000000000010100000000000000000010011000111101011110000
000111110111110000110100000000000000000010100000000000000000010110000111110111110000
000111101011110000010110000000000000000010100000000000000000110100000111101011110000
000011011101100000001001110000000111100010100011110000000111001000000011011101100000
000000111110000000000110011000001111111110111111111000001100110000000000111110000000
000000111110000000000001101100011000100100010010001100011011000000000000111110000000
000000011100000000000000010110110111011010101101110110110100000000000000011100000000
000000000000000000000000001010110110110101010110110110101000000000000000000000000000
000000000001010011000000000110110110110110110110110110110000000010100001000000000000
000000000000100100100000000110110110110011100110110110110000000001000010000000000000
000000000000100100100000110010110110110101010110110110100110000001000100000000000000
000000000000100011000001111011010110110101010110110101101111000001001010000000000000
000000000000100100100011001011010111010010100101110101101001100001001001000000000000
000000000000100100100011000011011011101011101011101101100001100001001001000000000000
000000000001010011000001111110001011101101011011101000111111000010100110000000000000
000000000000000000000000111100001101110110110111011000011110000000000000000000000000
000000000000000000000000000000000110111011101110110000000000000000000000000000000000
000000011100000000000000011100000111001101011001110000011100000000000000011100000000
000000111110000000000000111110000001110010100111000000111110000000000000111110000000
000000111110000000000000111110000000011101011100000000111110000000000000111110000000
000011011101100000000011011101100000000111110000000011011101100000000011011101100000
000111101011110000000111101011110000000011100000000111101011110000000111101011110000
000111110111110000000111110111110000000010100000000111110111110000000111110111110000
000111101011110000000111101011110000000011100000000111101011110000000111101011110000
000011011101100000000011011101100000000010100000000011011101100000000011011101100000
000000111110000000000000111110000011111101011111100000111110000000000000111110000000
000000111110000000000000111110000110111011101110110000111110000000000000111110000000
000000011100000000000000011100001101010101010101011000011100000000000000011100000000
000000000000000000000000000000011011101110111011101100000000000000000000000000000000
000000000000000000000000000000111111111111111111111110000000000000000000000000000000
