10001011111111111111111111101000100010111111111111111111111010001
01110101110111011101110111010111011101011101110111011101110101110
01101000100010001000100010001011011010001000100010001000100010110
01011101000000000000000001011101010111010000000000000000010111010
10111110000000010100000000111110101111100000000010000000001111101
01011100000011111111100000011101010111001010000111000010100111010
10001000000111101011110000001000100010000100000010000001000010001
11010000000000011100000000000101110100001010111010111010100001011
11100001000000011100000001000011111000000001101111101100000000111
11000011100000011100000011100001110010100001100111001100001010011
10000111111111111111111111110000100001000001101010101100000100001
11000101010110111110110101010001110010101110101010101011101010011
11100101010111100011110101010011111000011111011010110111110000111
11000101010111110111110101010001110000010000111010111000010000011
10000101010110111110110101010000100000011011111010111110110000001
11000101010100010100010101010001110001001000000101000000100100011
11101101010110100010110101011011111011111111111000111111111110111
11000001010111110111110101000001110001001000000101000000100100011
10000011010110111110110101100000100000011011111010111110110000001
11000000010100011100010100000001110000010000111010111000010000011
11100000110110110110110110000011111000011111011010110111110000111
11011100000111111111110000011101110010101110101010101011101010011
10100011000011101011100001100010100001000001101010101100000100001
11000111100111001001110011110001110010100001100111001100001010011
11101000110110001000110110001011111000000001101111101100000000111
11010111001100011100011001110101110100001010111010111010100000011
10001001111000111110001111001000100010000100000010000001000010001
01011100110001111111000110011101010111001010000111000010100111010
10111110001010101010101000111110101111100000000010000000001111101
01011101000000000000000001011101010111010000000000000000010111010
01101000100010001000100010001011011010001000100010001000100010110
01110101110111011101110111010111011101011101110111011101110101110
10001011111111111111111111101000100010111111111111111111111010001
01110101110111011101110111010111011101011101110111011101110101110
01101000100010001000100010001011011010001000100010001000100010110
01011101000000000000000001011101010111010000000000000000010111010
10111110000000001000000000111110101111100000000101000000001111101
01011100101000011100001010011101010111000000111111111000000111010
10001000010000001000000100001000100010000001111010111100000010001
11010000101011101011101010000101110100000000000111000000000001011
11100000000110111110110000000011111000010000000111000000010000111
11001010000110011100110000101001110000111000000111000000111000011
10000100000110101010110000010000100001111111111111111111111100001
11001010111010101010101110101001110001010101101111101101010100011
11100001111101101011011111000011111001010101111000111101010100111
11000001000011101011100001000001110001010101111101111101010100011
10000001101111101011111011000000100001010101101111101101010100001
11000100100000010100000010010001110001010101000101000101010100011
11101111111111100011111111111011111011010101101000101101010110111
11000100100000010100000010010001110000010101111101111101010000011
10000001101111101011111011000000100000110101101111101101011000001
11000001000011101011100001000001110000000101000111000101000000011
11100001111101101011011111000011111000001101101101101101100000111
11001010111010101010101110101001110111000001111111111100000111011
10000100000110101010110000010000101000110000111010111000011000101
11001010000110011100110000101001110001111001110010011100111100011
11100000000110111110110000000011111010001101100010001101100010111
11000000101011101011101010000101110101110011000111000110011101011
10001000010000001000000100001000100010011110001111100011110010001
01011100101000011100001010011101010111001100011111110001100111010
10111110000000001000000000111110101111100010101010101010001111101
01011101000000000000000001011101010111010000000000000000010111010
01101000100010001000100010001011011010001000100010001000100010110
01110101110111011101110111010111011101011101110111011101110101110
10001011111111111111111111101000100010111111111111111111111010001
