00000001000100000000011000001000001100000000010001000000
00000001001110000100001100011100011000010000111001000000
00000001011111001011000110001000110001101001111101000000
00000001111111101100111011001001101110011011111111000000
00000001111111111100011101101011011100011111111111000000
00000001111111111110001110111110111000111111111111000000
00000001111111111111000010011100100001111111111111000000
00000001111111111111100001101011000011111111111111000000
00000001111111011111100000111110000011111101111111000000
00000001111110111111000000011100000001111110111111000000
00000001101001101010000000001000000000101011001011000000
00000001100011001010000000001000000000101001100011000000
00000001011110001010000000001000000000101000111101000000
00000001000100010101000000010100000001010000010001000000
00000000000000000000000000100010000000000000000000000000
00001111111101010000000001000001000000010100000011000000
00000010010000101000000010100010100000001010000100100000
00000110011001101100000100110110010000011011001100110000
00001110111100101000001011111111101000001010011100111000
00000111011001101100010001110111000100011011001100110000
00000010010000101000100000101010000010001010000100100000
00001110011101101101000001110111000001011011000011000000
00000000000000000010000011111111100000100000000000000000
00000000000000000100000000110110000000010000000000000000
00000000000000001000000000100010000000001000000000000000
00000000000000010000000000000000000000000100000000000000
00000000000000100001000100000010000010000010000000000000
00000000000001000010101010000101000101000001000000000000
00000000000010000100000001111000000000100000100000000000
00000000000100000010000001111000000001000000010000000000
00000000001000000001111111111111111110000000001000000000
00000000010000000001111111111111111110000000000100000000
00000000100000000011100110011000000001000000000010000000
00000001000000000101100110011000000000100000000001000000
00000010000000000010011000011000000001111001100000100000
00000100000000000001011000011000000001111001100000010000
00001010001000000000011000011111100110000110001000101000
00010011011000000000011000011111100110000110001101100100
00101111111110000000011000011001100110000000111111111010
01000111011100000000011000011001100110000000011101110001
10000010101000000000011000011111100001111000001010100000
01000111011100000000011000011111100001111000011101110001
00101111111110000000011000000001100000000110111111111010
00010011011000000000011000000001100000000110001101100100
00001010001000000000011000000001100110000110001000101000
00000100000000000000011000000001100110000110000000010000
00000010000000000001100110000001111001111000000000100000
00000001000000000001100110000001111001111000000001000000
00000000100000000000000001100110000000000000000010000000
00000000010000000000000001100110000000000000000100000000
00000000001000000000000000011000000000000000001000000000
00000000000100000000000000011000000000000000010000000000
00000000000010000000000000000000000000000000100000000000
00000000000001000000000000000000000000000001000000000000
00000000000000100000000000000000000000000010000000000000
00000000000000010000000000000000000000000100000000000000
00000000000000001000000000100010000000001000000000000000
00000000000000000100000000110110000000010000000000000000
00000010100011000010000011111111100000100001010000001000
00000001000100100001000001110111000001000000100000010000
00000001000100100000100000101010000010000000100000100000
00000001000011000000010001110111000100000000100001010000
00000001000100100000001011111111101000000000100010010000
00000001000100100000000100110110010000000000100010010000
00000010100011000000000010100010100000000001010001100000
00000000000000000000000001000001000000000000000000000000
00000000000000000000000000100010000000000000000000000000
00000000000000000000000000010100000000000000000000000000
