01100011100010100010001000101111110000011
10110111110110010101010101001011101111101
11011110111100001000100010000101011111010
01101100011000010101010101000010111110110
00110110110000100010001000100001011101110
01111011100001010101010101010000101011110
11101101000010001000100010001000010111110
11000110000101010000000001010100001011101
11101100001000100000100000100010000101011
01111000010101000001110000010101000010111
00110000100010000011011000001000100001011
01100001010100000110001100000101010000101
11000010001000001011011010000010001000011
00000101010000010001110001000001010100000
10001000100000101000100010100000100010001
01010101000001001000100010010000010101010
00100010000010111000100011101000001000100
01010100000100000100100100000100000101010
10001000001110000010101000001110000010001
01010100011011000001010000011011000101010
00100010110001111110101111110001101000100
01010100011011000001010000011011000101010
10001000001110000010101000001110000010001
01010100000100000100100100000100000101010
00100010000010111000100011101000001000100
01010101000001001000100010010000010101010
10001000100000101000100010100000100010001
00000101010000010001110001000001010100000
11000010001000001011011010000010001000011
10100001010100000110001100000101010000110
11010000100010000011011000001000100001100
11101000010101000001110000010101000011110
11010100001000100000100000100010000110111
10111010000101010000000001010100001100011
01111101000010001000100010001000010110111
01111010100001010101010101010000111011110
01110111010000100010001000100001101101100
01101111101000010101010101000011000110110
01011111010100001000100010000111101111011
10111110111010010101010101001101111101101
11000001111110100010001000101000111000110
