00000001111000000000000000000000000000000000001111000000
00000001110100110000000000000000000000000110010111000000
00000001101101001000000000000000000000001001011011000000
00000001011101001000000000000000000000001001011101000000
00000000111101001000000000000000000000001001011110000000
00000000000010010000000000000000000000000100100000000000
01111000100100100000000000000000000000000010010010001111
01110101101101000000000111010101110000000001011011010111
01101100000010100000001000101010001000000010100000011011
01011100100001000000010000010100000100000001000010011101
00111101100001000000010010001000100100000001000011011110
00000010010001000000010101000001010100000001000100100000
00011100101111000000010010001000100100000001111010011100
00100001010000100000001000010100001000000010000101000010
00100010000000011100000111101011110000011100000000100010
00011100000000011010000000001000000000101100000000011100
00000000000000010110000000010100000000110100000000000000
00000000000000001110000000010100000000111000000000000000
00000000000000000001000101110111010001000000000000000000
00000000000000000001001000010100001001000000000000000000
00000000000000000000111100010100011110000000000000000000
00000000000000000001000000001000000001000000000000000000
00000000000000000001000000001000000001000000000000000000
00000000000000000001000000001000000001000000000000000000
00000000000000000010000000001000000000100000000000000000
00001100000000000010000000001000000000100000000000011000
00010010000000000100010000001000000100010000000000100100
00101010000000000100101010010100101010010000000000101010
01011101000000001000100101101011010010001000000001011101
10001000111000001001001010101010101001001000001110001000
01011101000100001001000100101010010001001000010001011101
00101010000011110000100001001001000010000111100000101010
00010010000000000000010001001001000100000000000000100100
00001100000000000000001010001000101000000000000000011000
00000000000000000000001010001000101000000000000000000000
00000000000000000000000100001000010000000000000000000000
00000000000000000000001100011100011000000000000000000000
00000000000000000000110000111110000110000000000000000000
00000000000000000001000001110111000001000000000000000000
00000000000000000001000011100011100001000000000000000000
00000000000000011110000001110111000000111100000000000000
00000000000001100000000000111110000000000011000000000000
00000000000010000000000000011100000000000000100000000000
00000000011111110000000000001000000000000111111100000000
00000000110010011000000000001000000000001100100110000000
00000001100101001100000000111110000000011001010011000000
00000000110010011000000001001001000000001100100110000000
00000000011000110000000001000001000000000110001100000000
00000000001111100000000110001000110000000011111000000000
00000000000111000000011000010100001100000001110000000000
00000000000010000000100111001001110010000000100000000000
00000000000000000000100001000001000010000000000000000000
00000000000000000001010001001001000101000000000000000000
00000000000000000011001011011101101001100000000000000000
00000000000000000110010100001000010100110000000000000000
00000000000000000100111010000000101110010000000000000000
00000000000000001001010101110111010101001000000000000000
00000000000000001011101110001000111011101000000000000000
00000000000000000101000100010100010001010000000000000000
00000000000000000110001000100010001000110000000000000000
00000000000000000011011101001001011101100000000000000000
00000000000000000001101011011101101011000000000000000000
00000000000000000000110001001001000110000000000000000000
00000000000000000000001000100010001000000000000000000000
00000000000000000000001001010101001000000000000000000000
00000000000000000000000110001000110000000000000000000000
