00001111111011101111111000000011111110111011111110000
00110111110100010111110110001101111101000101111101100
01000011101011101011100001010000111010111010111000010
01011001010111110101001101010110010101111101010011010
01111100101111111010011111011111001011111110100111110
01111101010000000101011111011111010100000001010111110
00111010110111110110101110001110101101111101101011100
10010101110110110111010100100101011101101101110101001
11001010000100010000101001110010100001000100001010011
10010110111011101110110100100101101110111011101101001
00101110110100010110111010001011101101000101101110100
11010000101001001010000101110100001010010010100001011
00110111010011100101110110001101110100111001011101100
11110110101001001010110111111101101010010010101101111
00000101011100011101010000000001010111000111010100000
11111010110110110110101111111110101101101101101011111
11110100110110110110010111111101001101101101100101111
11101010011010101100101011111010100110101011001010111
11010111000010100001110101110101110000101000011101011
00101101101100011011011010001011011011000110110110100
11011000110000000110001101110110001100000001100011011
00101101101100011011011010001011011011000110110110100
11010111000010100001110101110101110000101000011101011
11101010011010101100101011111010100110101011001010111
11110100110110110110010111111101001101101101100101111
00001010110110110110101000000010101101101101101010000
11101101011100011101011011111011010111000111010110111
01101110101001001010111011011011101010010010101110110
00100001010011100101000010001000010100111001010000100
11011101101001001011011101110111011010010010110111011
00101101110100010111011010001011011101000101110110100
10010100001011101000010100100101000010111010000101001
11001011101100011011101001110010111011000110111010011
10010101101111111011010100100101011011111110110101001
00111010100000000010101110001110101000000000101011100
01111101011111111101011111011111010111111111010111110
01111100101111111010011111011111001011111110100111110
01011001010111110101001101010110010101111101010011010
01000011101011101011100001010000111010111010111000010
00110111110100010111110110001101111101000101111101100
00001111111011101111111000000011111110111011111110000
