0010000000000000000000001000000011111110111111100000001000000000000000000000100000001111111011111110000000100000000
0111000100011011000100011100000110000011100000110000011100010001101100010001110000011000001110000011000001110001000
1101101110011111001110110110001100001001001000011000110110111001111100111011011000110000100100100001100011011011100
0101011011001110011011010100011000011101011100001100010101101100111001101101010001100001110101110000110001010110110
0000110001100100110001100000110000110001000110000110000011000110010011000110000011000011000100011000011000001100011
0000011100110001100111000001100000011011101100000011000001110011000110011100000110000001101110110000001100000111001
1000001000011011000010000011000000001110111000000001100000100001101100001000001100000000111011100000000110000010000
1100000000111011100000000110000000000110110000000000110000000011101110000000011000000000011011000000000011000000001
0110000001101110110000001100000100001100011000010000011000000110111011000000110000010000110001100001000001100000011
0011000011000100011000011000001110011000001100111000001100001100010001100001100000111001100000110011100000110000110
0001100001110101110000110000011000110001000110001100000110000111010111000011000001100011000100011000110000011000011
0000110000100100100001100000001101100011100011011000000011000010010010000110000000110110001110001101100000001100001
0000011000001110000011000000000111000111110001110000000001100000111000001100000000011100011111000111000000000110000
0000001111111011111110000000000010000110110000100000000000111111101111111000000000001000011011000010000000000011111
