0000111110000011110000011111111011111111000001111000001111100000111100000111111110111111110000011110000011111000001
0000011100000001111000100000000100000000100011110000000111000000011110001000000001000000001000111100000001110000000
0001001001000000111101011111111011111111010111100000010010010000001111010111111110111111110101111000000100100100000
0011101011100001000010101010001110001010101000010000111010111000010000101010100011100010101010000100001110101110000
0001110111000010100101001010011111001010010100101000011101110000101001010010100111110010100101001010000111011100001
0100101010010101010101001010000100001010010101010101001010100101010101010010100001000010100101010101010010101001010
1111011101111001000101010100100100100101010100010011110111011110010001010101001001001001010101000100111101110111100
0100101010010001111111101001110101110010111111110001001010100100011111111010011101011100101111111100010010101001000
0001110111000010000000010000111011100001000000001000011101110000100000000100001110111000010000000010000111011100001
0011101011100101111111100010010101001000111111110100111010111001011111111000100101010010001111111101001110101110010
1001001001001010101000100111101110111100100010101010010010010010101010001001111011101111001000101010100100100100101
0100001000010100101010101010010101001010101010100101000010000101001010101010100101010010101010101001010000100001010
0100111110010100101001010000111011100001010010100101001111100101001010010100001110111000010100101001010011111001010
0100011100010101010000100001110101110000100001010101000111000101010100001000011101011100001000010101010001110001010
1111110111111110101111000000100100100000011110101111111101111101101011110000001001001000000111101011111111011111011
0000001000000001000111100000001110000000111100010000000010000000010001111000000011100000001111000100000000100000000
1111110111111110000011110000011111000001111000001111111101111111100000111100000111110000011110000011111111011111111
