0001111111111000000000000010101000000000000011111111110000011111111110000000000000101010000000000000111111111100000
0011111111111100000000000110101100000000000111111111111000111111111111000000000001101011000000000001111111111110001
0111000001001110000000000001110000000000001110010000011101110000010011100000000000011100000000000011100100000111011
1110000010100111010000000011111000000001011100101000001111100000101001110100000000111110000000010111001010000011111
0110000100010111011000000111111100000011011101000100001101100001000101110110000001111111000000110111010001000011011
0110000010110111011100000100100100000111011101101000001101100000101101110111000001001001000001110111011010000011011
0110000001110111011110000100100100001111011101110000001101100000011101110111100001001001000011110111011100000011011
1110100001110010111100100111111100100111101001110000101111101000011100101111001001111111001001111010011100001011111
1101110001111101111001011110101111010011110111110001110111011100011111011110010111101011110100111101111100011101110
1000110000111011110000101111111110100001111011100001100010001100001110111100001011111111101000011110111000011000100
1101110000010111100000011111111111000000111101000001110111011100000101111000000111111111110000001111010000011101110
1111110000001111010000011101110111000001011110000001111111111100000011110100000111011101110000010111100000011111111
1111101000011110111000011000100011000011101111000010111111111010000111101110000110001000110000111011110000101111111
1011110100111101111100011101110111000111110111100101111010111101001111011111000111011101110001111101111001011110101
1111001001111010011100001011111010000111001011110010011111110010011110100111000010111110100001110010111100100111111
1001000011110111011100000011011000000111011101111000010010010000111101110111000000110110000001110111011110000100100
1001000001110111011010000011011000001011011101110000010010010000011101110110100000110110000010110111011100000100100
1111000000110111010001000011011000010001011101100000011111110000001101110100010000110110000100010111011000000111111
1110000000010111001010000011111000001010011101000000001111100000000101110010100000111110000010100111010000000011111
1100000000000011100100000111011100000100111000000000000111000000000000111001000001110111000001001110000000000001110
1011000000000001111111111110001111111111110000000000011010110000000000011111111111100011111111111100000000000110101
1010000000000000111111111100000111111111100000000000001010100000000000001111111111000001111111111000000000000010101
