00000000000001010000000000000
00010000000010101000000001000
00010010000010001000001001000
01100001111010001011110000110
11000000110101110101100000011
11000000001110001110000000011
11000001110001110001110000011
11010011111101110111111001011
11001111111010001011111110011
11000111100111011100111100011
11000000011110101111000000011
11000100111101010111100100011
11000011111010001011111000011
11110001110010001001110001111
01111000000010001000000011110
00111100000001010000000111100
00011111000000100000011111000
00000000111000100011100000000
00000000000100100100000000000
00000000000010101000000000000
00000010111111011111101000000
00000111000000100000011100000
00000010111111011111101000000
00000001000000100000010000000
00000100100001010000100100000
00001010100000100000101010000
00001000100000000000100010000
00000111000000000000011100000
