1000011000000000000111111100000111111100000000000011000010000110000000000001111111000001111111000000000000110000100
0100110000000000001000000010001000000010000000000001100101001100000000000010000000100010000000100000000000011001010
0101010000000000010000000001010000000001000000000001010101010100000000000100000000010100000000010000000000010101010
0101101100001010100001100000100000110000101010000110110101011011000010101000011000001000001100001010100001101101010
0101010010000100100011110101010101111000100100001001010101010100100001001000111101010101011110001001000010010101010
0010100011000100100100111010001011100100100100011000101000101000110001001001001110100010111001001001000110001010001
0010101010100100100000000101010100000000100100101010101000101010101001001000000001010101000000001001001010101010001
0010101000100101000000001000100010000000010100100010101000101010001001010000000010001000100000000101001000101010001
0010101001100010000011010000100001011000001000110010101000101010011000100000110100001000010110000010001100101010001
0010101001100101010100100000100000100101010100110010101000101010011001010101001000001000001001010101001100101010001
0010101010100101011001010001010001010011010100101010101000101010101001010110010100010100010100110101001010101010001
0010101010100101000010010010001001001000010100101010101000101010101001010000100100100010010010000101001010101010001
0101010010100101011100100100000100100111010100101001010101010100101001010111001001000001001001110101001010010101010
1010100100100101001101000100000100010110010100100100101010101001001001010011010001000001000101100101001001001010101
0111001001000101010101100010001000110101010100010010011101110010010001010101011000100010001101010101000100100111011
1000010010000101000000000001010000000000010100001001000010000100100001010000000000010100000000000101000010010000100
1000100100000101000000001100100110000000010100000100100010001001000001010000000011001001100000000101000001001000100
0111001000000101000000011110101111000000010100000010011101110010000001010000000111101011110000000101000000100111011
1011110000000010000000110111011101100000001000000001111010111100000000100000001101110111011000000010000000011110101
1001100000000101000001001000100010010000010100000000110010011000000001010000010010001000100100000101000000001100100
0100000000000101000010010000100001001000010100000000000101000000000001010000100100001000010010000101000000000001010
0010001101010101000100100111011100100100010101010110001000100011010101010001001001110111001001000101010101100010001
0001000101100101001001001010101010010010010100110100010000010001011001010010010010101010100100100101001101000100000
0001001001110101001010010101010101001010010101110010010000010010011101010010100101010101010010100101011100100100000
0010010010000101001010101010001010101010010100001001001000100100100001010010101010100010101010100101000010010010001
0100010100110101001010101010001010101010010101100101000101000101001101010010101010100010101010100101011001010001010
1000001001010101001100101010001010100110010101010010000010000010010101010011001010100010101001100101010100100000100
1000010110000101001100101010001010100110010100001101000010000101100001010011001010100010101001100101000011010000100
1000100000000010001000101010001010100010001000000000100010001000000000100010001010100010101000100010000000001000100
0101000000000101001010101010001010101010010100000000010101010000000001010010101010100010101010100101000000000101010
0010111001001001000110001010001010001100010010010011101000101110010010010001100010100010100011000100100100111010001
0101011110001001000010010101010101001000010010001111010101010111100010010000100101010101010010000100100011110101010
1000001100001001000001101101010110110000010010000110000010000011000010010000011011010101101100000100100001100000100
0100000000010010100000010101010101000000101001000000000101000000000100101000000101010101010000001010010000000001010
0010000001100000000000011001010011000000000000110000001000100000011000000000000110010100110000000000001100000010001
0001111111000000000000110000100001100000000000011111110000011111110000000000001100001000011000000000000111111100000
