111100111111111111111000000000111111111111111001111
100100100000000000000100000001000000000000001001001
100100100000000000000010000010000000000000001001001
111111111100000000000001000100000000000001111111111
000100100100000000000000101000000000000001001001000
000100100100111111110000010000011111111001001001000
111111111101010000001000101000100000010101111111111
100100100010010000000101000101000000010010001001001
100100100100010000000010000010000000010001001001001
100111101000010000000101000101000000010000101111001
100000010000010000001000101000100000010000010000001
100000100000010000010000010000010000010000001000001
100001000000010000111000000000111000010000000100001
100001111111110001010100000001010100011111111100001
100001000000001010010010000010010010100000000100001
100001000000000100010001000100010001000000000100001
100001000000001000010000101000010000100000000100001
100001000000010000010000010000010000010000000100001
100001000000100000010000010000010000001000000100001
100001000001111111110000010000011111111100000100001
100000100010100000001000010000100000001010001000001
010000010100010000000100010001000000010001010000010
001000001000001000000010010010000000100000100000100
000100010100000100000001010100000001000001010001000
000010100010000010000000101000000010000010001010000
000001000001000001111111000111111100000100000100000
000010100010000010000000101000000010000010001010000
000100010100000100000001010100000001000001010001000
001000001000001000000010010010000000100000100000100
010000010100010000000100010001000000010001010000010
100000100010100000001000010000100000001010001000001
100001000001111111110000010000011111111100000100001
100001000000100000010000010000010000001000000100001
100001000000010000010000010000010000010000000100001
100001000000001000010000101000010000100000000100001
100001000000000100010001000100010001000000000100001
100001000000001010010010000010010010100000000100001
100001111111110001010100000001010100011111111100001
100001000000010000111000000000111000010000000100001
100000100000010000010000010000010000010000001000001
100000010000010000001000101000100000010000010000001
100111101000010000000101000101000000010000101111001
100100100100010000000010000010000000010001001001001
100100100010010000000101000101000000010010001001001
111111111101010000001000101000100000010101111111111
000100100100111111110000010000011111111001001001000
000100100100000000000000101000000000000001001001000
111111111100000000000001000100000000000001111111111
100100100000000000000010000010000000000000001001001
100100100000000000000100000001000000000000001001001
111100111111111111111000000000111111111111111001111
