0010011001111001101100111100110010000010101010000010011001111001101100111100110010000010101010000010011001111001101
1101001111001100111001100111100101100101010101001101001111001100111001100111100101100101010101001101001111001100111
0011100111100110010011001111001110011010101010110011100111100110010011001111001110011010101010110011100111100110010
0011110011001100111001100110011110000010101010000011110011001100111001100110011110000010101010000011110011001100111
0110111000011001101100110000111011000001111100000110111000011001101100110000111011000001111100000110111000011001101
1100011100110001101100011001110001100000010000001100011100110001101100011001110001100000010000001100011100110001101
1111111110011000101000110011111111100100111001001111111110011000101000110011111111100100111001001111111110011000101
0111111111001101111101100111111111001110010011100111111111001101111101100111111111001110010011100111111111001101111
0001010001100111010111001100010100000101010101000001010001100111010111001100010100000101010101000001010001100111010
0001010000110010010010011000010100000000111000000001010000110010010010011000010100000000111000000001010000110010010
0010101000011111111111110000101010000001111100000010101000011111111111110000101010000001111100000010101000011111111
