0000000010000100000000000
0000000101001010000000000
0000001100000011000000000
0000010010000100100000000
0000001001001001000000000
0000000000110000000000000
0100000001110000000010000
1000000011110000000001000
0100000011110000000010000
0011111111111111111100000
0011111111111111111100000
0100000001100000000010000
1000000001100000000001000
0100010001100010000010000
0000101001100101000000010
0001000001101000000110001
0011100001111100001111010
0101110001101110011001100
1000110001100110011000000
0100110001100110001111000
0000110001100110001111000
0000110001100110000001100
0000110001110110011001100
0000111000111110101111000
0000011100010110100110000
0000001000000110010000000
0000010000000110000000000
0000100000000110000000000
0000101000000110000000000
0000010000001000000000000
0000000000010000000000000
0000000000010100000000000
0000000000001000000000000
