0000001111100000000000111110000000000011111000000000001111100000000000111110000000000011111000000000001111100000000
0000011111110000000001111111000000000111111100000000011111110000000001111111000000000111111100000000011111110000000
0000110000011000000011000001100000001100000110000000110000011000000011000001100000001100000110000000110000011000000
0001100101001100000110010100110000011001010011000001100101001100000110010100110000011001010011000001100101001100000
1111001101100111111100110110011111110011011001111111001101100111111100110110011111110011011001111111001101100111111
0110011101110011011001110111001101100111011100110110011101110011011001110111001101100111011100110110011101110011011
1111000010000111111100001000011111110000100001111111000010000111111100001000011111110000100001111111000010000111111
0110011101110011011001110111001101100111011100110110011101110011011001110111001101100111011100110110011101110011011
1111001101100111111100110110011111110011011001111111001101100111111100110110011111110011011001111111001101100111111
0001100101001100000110010100110000011001010011000001100101001100000110010100110000011001010011000001100101001100000
0000110000011000000011000001100000001100000110000000110000011000000011000001100000001100000110000000110000011000000
0000011111110000000001111111000000000111111100000000011111110000000001111111000000000111111100000000011111110000000
0000001111100000000000111110000000000011111000000000001111100000000000111110000000000011111000000000001111100000000
