100000000000000000100111111111000000000000100011101111001110000100010
111111111111111111101111111111100000000001110111000111011011001010101
011111111111111111001010111111110000000011111110000011111111100011100
110001100000110001100000110001111000000111011100000001111011110010100
100001100000110000100001110001111100001110001000000001010001110010100
000001100000110000000011110001111110011110000000000001010001110010100
000011100000111000000111110001110111011110001110000001110001100011100
000110111011101100000110110001100011011011111011000011011111000110110
001100011111000110000100010001110111010001110001000110001010001100011
000110111011101100000110110001111111011011111011000011011111000110110
000011101110111000000111110001111110011110001110000001110001100011100
000001100100110000000111110001111100011110000000000001010001110010100
010001100000110001000011110001111000001110001000000001010001110010100
100011000000011000100001110001110000000111011100000001111011110010100
111110000000001111100000111111100000000011111110000011111111100011100
011100000000000111000000011011000000000001110111000111011011001010101
001000000000000010000000001110000000000000100011101111001110000100010
