00000000000000000000000000000000000001010101010101010101000000000
00000000001000000000000000000000000001111111111111111111000000000
00000001010101000000000000000000000001011011011011011011000000000
00000010101010100000000000000000000001011011011011011011000000000
00000000101010000000000000000000000010100100100100100101000000000
00000000010100000000000000000000000101011011011011011010100000000
00000000001000000000000000000000001011011011011011011011010000000
00000000111110000000000000000000001100100100100100100100101000000
00000001111111111110000000000000001011011011011011011011011000000
00000001101000000001000000000000001011011011011011011011011000000
00000001111111110000000000000000010100100100100100100100101000000
00000001111100000000000000000000101011011011011011011011010100000
00000001111100000000000000000001011011011011011011011011011010000
00000000111100000000000000000011100100100100100100100100100101000
00000000011110000000000000000001011011011011011011011011011011100
00000000011110000000000000000011011011011011011011011011011011000
00000000011111000000000000000001100100100100100100100100100101100
00000000011111000000000000000011011011011011011011011011011011000
00000000011111000000000000000001011011011011011011011011011011100
00000000011111000000000000000011100100100100100100100100100101000
00000000011111100000000000000001011011011011011011011011011011100
00000000011111100000000000000011011011011011011011011011011011000
00000000111111100000000000000001100100100100100100100100100101100
00000000111111110000100000000011011011011011011011011011011011000
00000000111111110001010000000001011011011011011011011011011011100
00000000111111110001010000000011100100100100100100100100100101000
00000000111111110001010000000001011011011011011011011011011011100
00100101111111111001010000000011011011011011011011011011011011000
01010101111111110101010000000001100100100100100100100100100101100
01010010111110101010101000000011011011011011011011011011011011000
01010101011101010010101100000001011011011011011011011011011011100
01010010101010100010101100000011100100100100100100100100100101000
01010101010101000010101011000001011011011011011011011011011010000
00100100101010000010101001110001011011011011011011011011010100000
00010100010100000010101010101100100100100100100100100100101000000
00001000001000000010101010100111011011011011011011011011010000000
00000100000000000010101010101001111011011011011011011010100000000
00000010000000000010100111111110010100100100100100100101000000000
00000001000000000001001010101010010011011011011011011010000000000
00000001000000000010101010101010101011011011011011011010000000000
00000000100000000001010111111111110100100100100100100110000000000
00000000010000000000101010101010101011011011011011011000000000000
00000000001100000000010001111111110011011011011011010000000000000
00000000000011000110011110010101001100100100100100100000000000000
00000000000000111011011111010101001100100100100101000000000000000
00000000000001111101011111101111110011011011011010000000000000000
00000000000000111100111111100111011111111111101100000000000000000
00000000000000111100011111000010111111111111111000000000000000000
00000000000000011110001111100000010101010101010000000000000000000
00000000000000011110001111000000000000000000000000000000000000000
00000000000000011110000111000000000000000000000000000000000000000
00000000000000111100000111000000000000000000000000000000000000000
00000000000001110000000111000000000000000000000000000000000000000
00000000000011100000001110000000000000000000000000000000000000000
00000000000110000000001100000000000000000000000000000000000000000
00000001111100000000011000000000000000000000000000000000000000000
00000110111000001100110000000000000000000000000000000000000000000
00011001010000010011100000000000000000000000000000000000000000000
00100010010000000010011100000000000000000000000000000000000000000
00000100001000001100111010000000000000000000000000000000000000000
00000100000100010001100000000000000000000000000000000000000000000
00000000000010100010000000000000000000000000000000000000000000000
