0000000011000000000000000000000000000000000000000000000001100000000000000011000000000000000000000000000000000000000
0000000111100000000000000000000000000000000000000000000011110000000000000111100000000000000000000000000000000000000
1000011101100000000000000000000000000000000000000000000011011100001000011101100000000000000000000000000000000000000
1100001111100000000001000000000001000000000001000000000011111000011100001111100000000001000000000001000000000001000
1011000111100000000011100000000011100000000011100000000011110001101011000111100000000011100000000011100000000011100
0111000011100000001101011000001101011000001101011000000011100001110111000011100000001101011000001101011000001101011
0110100011100000001110111000001110111000001110111000000011100010110110100011100000001110111000001110111000001110111
1001110011110000010110110100010110110100010110110100000111100111001001110011110000010110110100010110110100010110110
0110100111111000111001001110111001001110111001001110001111110010110110100111111000111001001110111001001110111001001
0111000111111100010110110100010110110100010110110100011111110001110111000111111100010110110100010110110100010110110
1011000111111110001110111010001110111000101110111000111111110001101011000111111110001110111010001110111000101110111
1100000111111111001101011011001101011001101101011001111111110000011100000111111111001101011011001101011001101101011
1000000111111111100011100000100011100010000011100011111111110000001000000111111111100011100000100011100010000011100
1000100111101111110001000100010001000100010001000111111011110010001000100111101111110001000100010001000100010001000
1001010111101111111000000011001001001001100000001111111011110101001001010111101111111000000011001001001001100000001
1010100011100011111000111000100101010010001110001111100011100010101010100011100011111000111000100101010010001110001
1101000011100000111100011100010101010100011100011110000011100001011101000011100000111100011100010101010100011100011
1000000011100000111111001111001101011001111001111110000011100000001000000011100000111111001111001101011001111001111
1000111001100000001111000111100101010011110001111000000011001110001000111001100000001111000111100101010011110001111
1001111100111111111111000011110101010111100001111111111110011111001001111100111111111111000011110101010111100001111
1011000000101111111111100000111101011110000011111111111010000001101011000000101111111111100000111101011110000011111
0110010001000111111111110000001101011000000111111111110001000100110110010001000111111111110000001101011000000111111
1001100010000100000011111000000101010000001111100000010000100011001001100010000100000011111000000101010000001111100
1011001100000100000000111100000101010000011110000000010000011001101011001100000100000000111100000101010000011110000
0100000100000100000000011111001111111001111100000000010000010000010100000100000100000000011111001111111001111100000
1000000000000100000000001111110101010111111000000000010000000000001000000000000100000000001111110101010111111000000
1100000000001010000000000111110101010111110000000000101000000000011100000000001010000000000111110101010111110000000
