101110111011101110111011101110111011101
010001000100010001000100010001000100010
101110111011101110111011101110111011101
101000000000001011000110100000000000101
101000000001001110000011100100000000101
010000000001101110000011101100000000010
101000000000111111000111111000000000101
101011011100011111101111110001110110101
101011010100111111000111111001010110101
010000110110001010000010100011011000010
101011110000001010000010100000011110101
101010011000010111000111010000110010101
101011100110000111000111000011001110101
010000100011001111101111100110001000010
101001000101100111111111001101000100101
101001111000110011111110011000111100101
101000011011011001111100110110110000101
010001101010001100111001100010101100010
101001101110000110010011000011101100101
101000000000000011010110000000000000101
101100100100011001111100110001001001101
010010010010111110111011111010010010010
101111111111101000010000101111111111101
010010010010111110111011111010010010010
101100100100011001111100110001001001101
101000000000000011010110000000000000101
101001101110000110010011000011101100101
010001101010001100111001100010101100010
101000011011011001111100110110110000101
101001111000110011111110011000111100101
101001000101100111111111001101000100101
010000100011001111101111100110001000010
101011100110000111000111000011001110101
101010011000010111000111010000110010101
101011110000001010000010100000011110101
010000110110001010000010100011011000010
101011010100111111000111111001010110101
101011011100011111101111110001110110101
101000000000111111000111111000000000101
010000000001101110000011101100000000010
101000000001001110000011100100000000101
101000000000001011000110100000000000101
101110111011101110111011101110111011101
010001000100010001000100010001000100010
101110111011101110111011101110111011101
