1011110010101000101010001010100111101
0100001001010101010101010101001000010
1010000100101010101010101010010000101
1001000010010101010101010100100001001
1000100001001010100010101001000010001
1000011110010101010101010100111100001
0100010000101010101010101010000100010
0010010001010101010101010101000100100
1001010010101000101010001010100101001
0100100101010010010100100101010010010
1010001010100101001001010010101000101
0101010101000100100010010001010101010
1010101010000100010100010000101010101
0101010100111100001000011110010101010
0010101001000010001000100001001010100
0101010100100001001001000010010101010
1010101010010000101010000100101010101
0101010101001000010100001001010101010
1010001010100111101011110010101000101
0101010101001000010100001001010101010
1010101010010000101010000100101010101
0101010100100001001001000010010101010
0010101001000010001000100001001010100
0101010100111100001000011110010101010
1010101010000100010100010000101010101
0101010101000100100010010001010101010
1010001010100101001001010010101000101
0100100101010010010100100101010010010
1001010010101000101010001010100101001
0010010001010101010101010101000100100
0100010000101010101010101010000100010
1000011110010101010101010100111100001
1000100001001010100010101001000010001
1001000010010101010101010100100001001
1010000100101010101010101010010000101
0100001001010101010101010101001000010
1011110010101000101010001010100111101
