1111111111111111111111111111111111111111111111111111111111111111111111111111111111111111111111111111111111111111111
1110111110111110111110111110111110111110111110111110111110111110111110111110111110111110111110111110111110111110111
1100011100011100011100011100011100011100011100011100011100011100011100011100011100011100011100011100011100011100011
1000001000001000001000001000001000001000001000001000001000001000001000001000001000001000001000001000001000001000001
0000001000000000001000000000001000000000001000000000001000000000001000000000001000000000001000000000001000000000001
0000001000000000001000000000001000000000001000000000001000000000001000000000001000000000001000000000001000000000001
0001001001000001001001000001001001000001001001000001001001000001001001000001001001000001001001000001001001000001001
0011101011100011101011100011101011100011101011100011101011100011101011100011101011100011101011100011101011100011101
0111111111110111111111110111111111110111111111110111111111110111111111110111111111110111111111110111111111110111111
0011111111100011111111100011111111100011111111100011111111100011111111100011111111100011111111100011111111100011111
0001111111000001111111000001111111000001111111000001111111000001111111000001111111000001111111000001111111000001111
1000111110001000111110001000111110001000111110001000111110001000111110001000111110001000111110001000111110001000111
1100011100011100011100011100011100011100011100011100011100011100011100011100011100011100011100011100011100011100011
1110001000111110001000111110001000111110001000111110001000111110001000111110001000111110001000111110001000111110001
