1000100010001010000000000011111111111111111000000000001010001000100010001010000000000011111111111111111000000000001
0101110100000100111100000100001000100010000100000111100100000101110100000100111100000100001000100010000100000111100
0010101000001010100100001000101001110010100010000100101010000010101000001010100100001000101001110010100010000100101
1001010010110000100100010001001010101010010001000100100001101001010010110000100100010001001010101010010001000100100
1101010110110111111111100000110010101001100000111111111101101101010110110111111111100000110010101001100000111111111
1101010111000100100100100000000101110100000000100100100100011101010111000100100100100000000101110100000000100100100
1101010111110100100100100000000010101000000000100100100101111101010111110100100100100000000010101000000000100100100
1101010111100111111111111100111101010111100111111111111100111101010111100111111111111100111101010111100111111111111
0010101000000000100100100101111101010111110100100100100000000010101000000000100100100101111101010111110100100100100
0101110100000000100100100100011101010111000100100100100000000101110100000000100100100100011101010111000100100100100
0010101001100000111111111101101101010110110111111111100000110010101001100000111111111101101101010110110111111111100
1010101010010001000100100001101001010010110000100100010001001010101010010001000100100001101001010010110000100100010
1001110010100010000100101010000010101000001010100100001000101001110010100010000100101010000010101000001010100100001
1000100010000100000111100100000101110100000100111100000100001000100010000100000111100100000101110100000100111100000
1111111111111000000000001010001000100010001010000000000011111111111111111000000000001010001000100010001010000000000
