0000000000111011100000000000000000001110111000000000000000000011101110000000000000000000111011100000000000000000001
1000000001110001110000000010000000011100011100000000100000000111000111000000001000000001110001110000000010000000011
0100000011101010111000000101000000111010101110000001010000001110101011100000010100000011101010111000000101000000111
1110000111011011011100001111100001110110110111000011111000011101101101110000111110000111011011011100001111100001110
0111001110111011101110011101110011101110111011100111011100111011101110111001110111001110111011101110011101110011101
1101001110000100001110010111010011100001000011100101110100111000010000111001011101001110000100001110010111010011100
0100001110111011101110000101000011101110111011100001010000111011101110111000010100001110111011101110000101000011101
1100001111011011011110000111000011110110110111100001110000111101101101111000011100001111011011011110000111000011110
0100000111101010111100000101000001111010101111000001010000011110101011110000010100000111101010111100000101000001111
1100011011110001111011000111000110111100011110110001110001101111000111101100011100011011110001111011000111000110111
0100111101111011110111100101001111011110111101111001010011110111101111011110010100111101111011110111100101001111011
1100111110111011101111100111001111101110111011111001110011111011101110111110011100111110111011101111100111001111101
0100111101011011010111100101001111010110110101111001010011110101101101011110010100111101011011010111100101001111010
1100011011011011011011000111000110110110110110110001110001101101101101101100011100011011011011011011000111000110110
0110000110011011001100001101100001100110110011000011011000011001101100110000110110000110011011001100001101100001100
1111000011011011011000011111110000110110110110000111111100001101101101100001111111000011011011011000011111110000110
0101100000110101100000110101011000001101011000001101010110000011010110000011010101100000110101100000110101011000001
1110111111101110111111101111101111111011101111111011111011111110111011111110111110111111101110111111101111101111111
0111011111011111011111011101110111110111110111110111011101111101111101111101110111011111011111011111011101110111110
