0000000000000000000000000000000000111110000000000000000000000000000000000
0000000000000000000000000000011111011101111100000000000000000000000000000
0000000000000000000000000000011111101011111100000000000000000000000000000
0000000000000000000000000000011111110111111100000000000000000000000000000
0000000000000000000000000000000001111111000000000000000000000000000000000
0000000000000000000000000000000011101011100000000000000000000000000000000
0000000000000000000000000000000111001001110000000000000000000000000000000
0000000000000000000000000000001100001000011000000000000000000000000000000
0000000000000000000000000000011000001000001100000000000000000000000000000
0000000000000000000000000000110001001001000110000000000000000000000000000
0000000000000000000000000000011010011100101100000000000000000000000000000
0000000000000000000000000000001110110110111000000000000000000000000000000
0000000000000000000000001010100100011100010010101000000000000000000000000
0000000000000000000000001111110000001000000111111000000000000000000000000
0000000000000000000000000101000000001000000001010000000000000000000000000
0000000000000000000000001111110001001001000111111000000000000000000000000
0000000000000000000000001111110001101011000111111000000000000000000000000
0000000000000000000101001111000011111111100001111001010000000000000000000
0000000000000000000101011111100110011100110011111101010000000000000000000
0000000000000000000101011111111100011100011111111101010000000000000000000
0000000000000000000101011111111000001000001111111101010000000000000000000
0000000000000000000111001111110010001000100111111001110000000000000000000
0000000000000000001101100111110011001001100111110011011000000000000000000
0000000000000000011000110111111110001000111111110110001100000000000000000
0000000000000110001101100111110100001000010111110011011000110000000000000
0000000000000101100111001111100000001000000011111001110011010000000000000
0000000011110110000010011111100010001000100011111100100000110111100000000
0000000101011111000011111111100011001001100011111111100001111101010000000
0000001101011111110011111110110110001000110110111111100111111101011000000
0000001111011111111011111100011000001000001100011111101111111101111000000
0101001000111111111001111100001000011100001000011111001111111110001001010
1111100001111111110000111110000000111110000000111110000111111111000011111
0101000011110101000000000011110001111111000111100000000001010111100001010
1111100111100101000000000001100011111111100011000000000001010011110011111
0101001111001010100000000001000111111111110001000000000010101001111001010
