1111111111111111111110000000011100000000011100000000111111111111111111111000000001110000000001110000000011111111111
0000000000000000000001000000110110011100110110000001000000000000000000000100000011011001110011011000000100000000000
1111111111111111111110100001101100111110011011000010111111111111111111111010000110110011111001101100001011111111111
0010100000100000101001010011000110011100110001100101001010000010000010100101001100011001110011000110010100101000001
0010100000100000101000101001110011001001100111001010001010000010000010100010100111001100100110011100101000101000001
0101000000100000010100101000100001101011000010001010010100000010000001010010100010000110101100001000101001010000001
1010000000100000001011111110000000111110000000111111101000000010000000101111111000000011111000000011111110100000001
0100000001110000000100000001000000011100000001000000010000000111000000010000000100000001110000000100000001000000011
1000000011111000000011111110100000001000000010111111100000001111100000001111111010000000100000001011111110000000111
0010000110101100001000101001010000001000000101001010001000011010110000100010100101000000100000010100101000100001101
0111001100100110011100101000101000001000001010001010011100110010011001110010100010100000100000101000101001110011001
1100011001110011000110010100101000001000001010010100110001100111001100011001010010100000100000101001010011000110011
0110110011111001101100001011111111111111111111101000011011001111100110110000101111111111111111111110100001101100111
0011011001110011011000000100000000000000000000010000001101100111001101100000010000000000000000000001000000110110011
0001110000000001110000000011111111111111111111100000000111000000000111000000001111111111111111111110000000011100000
