1111111111111111111111111111111111111111111111111111111111111111111111111111111111111111111111111111111111111111111
1110111110111011101011101110111010111011101111101110111010111011101110101110111011111011101110101110111011101011101
0111011101110111110111011111011101111101110111011101111101110111110111011111011101110111011111011101111101110111110
1011101011101011101110101110101110111010111010111010111011101011101011101110101110101110101110111010111010111011101
1101110111011101011101110101110111010111011101110111010111011101011101110101110111011101110101110111010111011101011
1110111110111110111011111011111011101111101111101111101110111110111110111011111011111011111011101111101111101110111
1101011101011101110101111111110101110111010111010111011101011111111101011101110101110101110111010111111111010111011
1011101011101011101110111111101110111010111010111010111011101111111011101110101110101110101110111011111110111011101
0111110111110111011111011111011111011101111101111101110111110111110111110111011111011111011101111101111101111101110
1011101011101110101111101110111110101110111010111011101011111011101111101011101110101110111010111110111011111010111
1101011101011101110111110101111101110111010111010111011101111101011111011101110101110101110111011111010111110111011
1110111110111011111011111011111011111011101111101110111110111110111110111110111011111011101111101111101111101111101
1101011101011101110111110101111101110111010111010111011101111101011111011101110101110101110111011111010111110111011
1011101011101110101111101110111110101110111010111011101011111011101111101011101110101110111010111110111011111010111
0111110111110111011111011111011111011101111101111101110111110111110111110111011111011111011101111101111101111101110
1011101011101011101110111111101110111010111010111010111011101111111011101110101110101110101110111011111110111011101
1101011101011101110101111111110101110111010111010111011101011111111101011101110101110101110111010111111111010111011
1110111110111110111011111011111011101111101111101111101110111110111110111011111011111011111011101111101111101110111
1101110111011101011101110101110111010111011101110111010111011101011101110101110111011101110101110111010111011101011
1011101011101011101110101110101110111010111010111010111011101011101011101110101110101110101110111010111010111011101
0111011101110111110111011111011101111101110111011101111101110111110111011111011101110111011111011101111101110111110
1110111110111011101011101110111010111011101111101110111010111011101110101110111011111011101110101110111011101011101
1111111111111111111111111111111111111111111111111111111111111111111111111111111111111111111111111111111111111111111
