1000001000001000001000001000001000001000001000001000001000001000001000001000001000001000001000001000001000001000001
1100011100011100011100011100011100011100011100011100011100011100011100011100011100011100011100011100011100011100011
1110111110111110111110111110111110111110111110111110111110111110111110111110111110111110111110111110111110111110111
0111110111110111110111110111110111110111110111110111110111110111110111110111110111110111110111110111110111110111110
0011100011100011100011100011100011100011100011100011100011100011100011100011100011100011100011100011100011100011100
0001110111000001000001110111000001000001110111000001000001110111000001000001110111000001000001110111000001000001110
1000111110001000001000111110001000001000111110001000001000111110001000001000111110001000001000111110001000001000111
1100011100011100011100011100011100011100011100011100011100011100011100011100011100011100011100011100011100011100011
1110001110111000001110111000111000001110001110111000001110111000111000001110001110111000001110111000111000001110001
0111000111110001000111110001110001000111000111110001000111110001110001000111000111110001000111110001110001000111000
0011100011100011100011100011100011100011100011100011100011100011100011100011100011100011100011100011100011100011100
0111110001110001000111000111110001000111110001110001000111000111110001000111110001110001000111000111110001000111110
1110111000111000001110001110111000001110111000111000001110001110111000001110111000111000001110001110111000001110111
1100011100011100011100011100011100011100011100011100011100011100011100011100011100011100011100011100011100011100011
1000111110001000001000111110001000001000111110001000001000111110001000001000111110001000001000111110001000001000111
0001110111000001000001110111000001000001110111000001000001110111000001000001110111000001000001110111000001000001110
0011100011100011100011100011100011100011100011100011100011100011100011100011100011100011100011100011100011100011100
0111110111110111110111110111110111110111110111110111110111110111110111110111110111110111110111110111110111110111110
1110111110111110111110111110111110111110111110111110111110111110111110111110111110111110111110111110111110111110111
1100011100011100011100011100011100011100011100011100011100011100011100011100011100011100011100011100011100011100011
1000001000001000001000001000001000001000001000001000001000001000001000001000001000001000001000001000001000001000001
