1111111111111111111111111111111111111111111111111111111
1000000000000000000000000000000000000000000000000000001
1011111110111111100000000111100000000011111110111111101
1010000010100000100000000100110000000010000010100000101
1010111010101110100000000100110000000010111010101110101
1010101010101010100000000100111000000010101010101010101
1010111111101110100000000101000000000010111111101110101
1010000000101000100000000100110000000010000000101000101
1011111111101111100000001000111000000011111111101111101
1000001010101000000000000000000000000000001010101000001
1011111011111111111111111111111111111111111011111111101
1010001010000000000000000000000000000000001010000000101
1010111011111111111111111111111111111111111011111110101
1010101010101000000000000000000000000000001010101010101
1010111010101001011101000000000001011101001010101110101
1010000010101011010101100000000011010101101010100000101
1011111110101000110001010000000101000110001010111111101
1000000000101011101001001000001001001011101010000000001
1000000000101010011001000100010001001100101010000000001
1000000000101011000101000010100001010001101010000000001
1000000000101000000011000001000001100000001010000000001
1000000000101011111111000001000001111111101010000000001
1000000000101001000000100001000010000001001010000000001
1000000000101000100000010001000100000010001010000000001
1001111100101000010000001001001000000100001010101100001
1000111000101000001000000101010000001000001010010010001
1000010000101000000100000010100000010000001010010011001
1000101000101000000011111101011111100000001010010011101
1000010000101000000100000010100000010000001010010011001
1000111000101000001000000101010000001000001010010010001
1001111100101000010000001001001000000100001010101100001
1000000000101000100000010001000100000010001010000000001
1000000000101001000000100001000010000001001010000000001
1000000000101011111111000001000001111111101010000000001
1000000000101000000011000001000001100000001010000000001
1000000000101011000101000010100001010001101010000000001
1000000000101010011001000100010001001100101010000000001
1000000000101011101001001000001001001011101010000000001
1011111110101000110001010000000101000110001010111111101
1010000010101011010101100000000011010101101010100000101
1010111010101001011101000000000001011101001010101110101
1010101010101000000000000000000000000000001010101010101
1010111111101111111111111111111111111111111111101110101
1010000000101000000000000000000000000000000000101000101
1011111111101111111111111111111111111111111111101111101
1000001010101000000000000000000000000000001010101000001
1011111011111111100000011111111000000011111011111111101
1010001010000000100000000100100000000010001010000000101
1010111011111110100000001100110000000010111011111110101
1010101010101010100000011101111000000010101010101010101
1010111010101110100000001110110000000010111010101110101
1010000010100000100000000100100000000010000010100000101
1011111110111111100000001100110000000011111110111111101
1000000000000000000000000000000000000000000000000000001
1111111111111111111111111111111111111111111111111111111
