00000000001110000000000
00000000011111000000000
00000000011111000000000
00000011101110111000000
00000111110101111100000
00000000010001000000000
00001111101110111110000
00001110001110001110000
00011101110001110111000
00011011101110111011000
00000111010001011100000
00000111010001011100000
00000010001110001000000
00111000000100000011100
01011111000100011111010
01001111100100111110010
00100111110101111100100
00000011111011111000000
00000000000100000000000
00000111011011011100000
00001111100000111110000
00011111010001011111000
00111110010001001111100
01110100010101000101110
11101001101010110010111
11101001000100010010111
01101001000000010010110
01100101000000010100110
00110000101010100001100
00011100010101000111000
00000000001110000000000
00000001111111110000000
00000011111111111000000
00000111111111111100000
