0001111000000001000000001111000
0001001000000011100000001001000
0001001000000111110000001001000
1111111111000111110001111111111
1001001001000111110001001001001
1001001001000111110001001001001
1111111111001101011001111111111
0001001100011010101100011001000
0001001010011101011100101001000
0001111001011110111101001111000
0000000000101111111010000000000
0000000111010001000101110000000
0000001111101101011011111000000
0011111011101011101011101111100
0111110101100110110011010111110
1111111010111101011110101111111
0111110101100110110011010111110
0011111011101011101011101111100
0000001111101101011011111000000
0000000111010001000101110000000
0000000000101111111010000000000
0001111001011110111101001111000
0001001010011101011100101001000
0001001100011010101100011001000
1111111111001101011001111111111
1001001001000111110001001001001
1001001001000111110001001001001
1111111111000111110001111111111
0001001000000111110000001001000
0001001000000011100000001001000
0001111000000001000000001111000
