0011000110000111100111110011110000110001100011000110000111100111110011110000110001100011000110000111100111110011110
0011101110001111110011100111111000111011100011101110001111110011100111111000111011100011101110001111110011100111111
1001101100011000011001001100001100011011001001101100011000011001001100001100011011001001101100011000011001001100001
1100010000110000001101011000000110000100011100010000110000001101011000000110000100011100010000110000001101011000000
1001101100110110000111110000110110011011001001101100110110000111110000110110011011001001101100110110000111110000110
1011001110110111001101011001110110111001101011001110110111001101011001110110111001101011001110110111001101011001110
1110000110110011011001001101100110110000111110000110110011011001001101100110110000111110000110110011011001001101100
1011000000110000100011100010000110000001101011000000110000100011100010000110000001101011000000110000100011100010000
1001100001100011011001001101100011000011001001100001100011011001001101100011000011001001100001100011011001001101100
1100111111000111011100011101110001111110011100111111000111011100011101110001111110011100111111000111011100011101110
1110011110000110001100011000110000111100111110011110000110001100011000110000111100111110011110000110001100011000110
