100000000000000000000000000000
011110000000000000000000000000
000111000000000000000011100000
000011000000000000011111110000
000010000111111111111110111111
000010000111111111111100011111
000100011000000000111110111111
000100100000000000111111111000
001000000000000000111111111111
001000000000000000111100001101
011000000000000000111100001100
011000000000000000111100001100
001111000000000001111110000000
001111111100000011111111000000
011111111111111111111111110000
111011111101111110111111011100
110001111000111100011110001110
111011111101111110110011011111
011111110111100111110001111111
011111110111100001110000111110
011111100111100000110000011100
001100000111000000010000001100
000110000110000001110000001000
000011000100000010100000110000
000011000110000001000001010000
000001100011000000000000100000
000000110000110000000000000000
000000010000101000000000000000
000000001100000000000000000000
000000001000000000000000000000
000000000010000000000000000000
