01100010001000100010001111111111111000000000010000000000000111111101
10010001001000100100010000000000000100000000100000000000001000000100
10001000111111111000100000000000000010001001000000000000010000001011
01000100000000000001001110000000000001000110000000000000100000010101
00100010000000000010010001000000100001111000000000000001000000101001
00010001000000000100010001000100010001000000000000000010000001010001
10001000111111111000010010000100001110000000000000000111111110100001
01000100001000100000001000001010001100000110000000000000000001000001
00100010001000100000000100010001001010001011000000000000000001000001
00100010001000100000000011100000110001010001100000000000000001000010
11111111111111111111111000000000000000100000110000000000000001000100
00000000000000000000001000000000000001000001000000000000000001001000
00000000000000000000001000000000000010000010100000000000000001010000
00000000000000000000001000000000000100000100010000000000000001100000
11111111111111111110001000000000000110001000001000000000000001000000
00100010001000100010001000000000000011010000001000000000000000000000
00100010001000101010001000000000000001101000001000000000000000000000
01000100001000100010001000000000000000100100001000000000000000000000
10001000001000111110001000000000000000000011111000000000000000000000
00010000001000000000001000000000000000000000000100000000000000000000
00100000001000000000001000000000000000000000000010000000000000000000
01001110001000000000001000000000000100000000000001111100000000000000
10010001001111111111111000000000001010000000000001000010010000000001
10010000100000000000000000000000010001000000000001000001011000000010
10010010010000000000000000000001100000110000000001000000101100000100
10001100010000000000000000000010010001001000000001000001000110001000
10000000010000000000000000000100001010000100000000100010000010001000
10000000100000000000000000001000000100000010000000010100000100010100
10000001000000000000000000011000110101100011000000001000001000010000
10000110000000000000000000100101001110010100100000110000010000010000
10000001000000000000000001000010000100001000010000011000101000111000
10000000100000000000000010000100000100000100001000001101000101000100
10001000010000000000000010001000001010000010001000000110000011000010
10000100010000000000000101001000010001000010010100000000000111000001
10000011100000000000001000100100100000100100100010000000001000100001
01000011000001100000010000011111000000011111000001000000001000010001
00100010100010110000001000100100100000100100100010000000000100000001
00011100010100011000000101001000010001000010010100000000000010000001
00001000001000001100000010001000001010000010001000000000000001100001
00001000010000010000000010000100000100000100001000000000000010000001
00101000100000101000000001000010000100001000010000000000000100000001
00010001000001000100000000100101001110010100100000000000001000000001
00010001100010000010000000011000110101100011000000000000001000110001
00100000110100000010000000001000000100000010000000000000001001001001
01000000011010000010000000000100001010000100000000000000000100001001
10000000001001000010000000000010010001001000011111111111110010001001
00000000000000111110000000000001100000110000010000000000010001110010
00000000000000000001000000000000010001000000010000000000010000000100
00000000000000000000100000000000001010000000010000000000010000001000
00000000000000000000011111000000000100000000010001111100010000010001
00000000000000000000010000100100000000000000010001000100010000100010
00000000000000000000010000010110000000000000010001010100010001000100
00000000000000000000010000001011000000000000010001000100010001000100
00000010000000000000010000010001100000000000010001111100011111111111
00000110000000000000001000100000100000000000010000000100010000000000
00001010000000000000000101000001000000000000010000000100010000000000
00010010000000000000000010000010000000000000010000000100010000000000
00100010000000000000001100000100000000000000011111111100011111111111
01000010000000000000000110001010001100000111000000000100010001000100
10000010000000000000000011010001010010001000100000000100010001000100
10000010000000000000000001100000110001010000010000000100010000100010
10000101111111100000000000000001110000100001001000011111111100010001
10001010000001000000000000000010001000100010001000100000000010001000
10010100000010000000000000011110000100000010001001000000000001000100
10101000000100000000000001100010000000000001110010000000000000100010
11010000001000000000000010010001000000000000000100011111111100010001
00100000010000000000000100000000100000000000001000100100010010001001
10111111100000000000001000000000011111111111110001000100010001000110
