1000000000000000001000000000000000001000000000000000001000000000000000001000000000000000001000000000000000001000000
1100000000000000011100000000000000011100000000000000011100000000000000011100000000000000011100000000000000011100000
1110000000000000111110000000000000111110000000000000111110000000000000111110000000000000111110000000000000111110000
1101000000000001011101000000000001011101000000000001011101000000000001011101000000000001011101000000000001011101000
1011100000000011101011100000000011101011100000000011101011100000000011101011100000000011101011100000000011101011100
1010010000000100101010010000000100101010010000000100101010010000000100101010010000000100101010010000000100101010010
1000010000000100001000010000000100001000010000000100001000010000000100001000010000000100001000010000000100001000010
1101111000001111011101111000001111011101111000001111011101111000001111011101111000001111011101111000001111011101111
1001111100011111001001111100011111001001111100011111001001111100011111001001111100011111001001111100011111001001111
1010111000001110101010111000001110101010111000001110101010111000001110101010111000001110101010111000001110101010111
1011000000000001101011000000000001101011000000000001101011000000000001101011000000000001101011000000000001101011000
1011110000000111101011110000000111101011110000000111101011110000000111101011110000000111101011110000000111101011110
1010011000001100101010011000001100101010011000001100101010011000001100101010011000001100101010011000001100101010011
1100011100011100011100011100011100011100011100011100011100011100011100011100011100011100011100011100011100011100011
1101011001001101011101011001001101011101011001001101011101011001001101011101011001001101011101011001001101011101011
1100110011100110011100110011100110011100110011100110011100110011100110011100110011100110011100110011100110011100110
0110000110110000110110000110110000110110000110110000110110000110110000110110000110110000110110000110110000110110000
0110001100011000110110001100011000110110001100011000110110001100011000110110001100011000110110001100011000110110001
0011011000001101100011011000001101100011011000001101100011011000001101100011011000001101100011011000001101100011011
0001110000000111000001110000000111000001110000000111000001110000000111000001110000000111000001110000000111000001110
