1000100000011111011111000000100011100010000001111101111100000010001110001000000111110111110000001000111000100000011
0001110000011110001111000001110001000111000001111000111100000111000100011100000111100011110000011100010001110000011
0011111000011100100111000011111000001111100001110010011100001111100000111110000111001001110000111110000011111000011
0111011100011001110011000111011100011101110001100111001100011101110001110111000110011100110001110111000111011100011
1110001110010011111001001110001110111000111001001111100100111000111011100011100100111110010011100011101110001110010
1100100111000111011100011100100111110010011100011101110001110010011111001001110001110111000111001001111100100111000
1001100011101110001110111000110011100110001110111000111011100011001110011000111011100011101110001100111001100011101
0011100001111100000111110000111001001110000111110000011111000011100100111000011111000001111100001110010011100001111
0111100000111000100011100000111100011110000011100010001110000011110001111000001110001000111000001111000111100000111
1111100000010001110001000000111110111110000001000111000100000011111011111000000100011100010000001111101111100000010
1111011111000011111000011111011110111101111100001111100001111101111011110111110000111110000111110111101111011111000
1110111110000111011100001111101110111011111000011101110000111110111011101111100001110111000011111011101110111110000
1101111100001110001110000111110110110111110000111000111000011111011011011111000011100011100001111101101101111100001
1011111000011111011111000011111010101111100001111101111100001111101010111110000111110111110000111110101011111000011
0111110000111011111011100001111101011111000011101111101110000111110101111100001110111110111000011111010111110000111
1000000001110001110001110000000010100000000111000111000111000000001010000000011100011100011100000000101000000001110
0111110000111011111011100001111101011111000011101111101110000111110101111100001110111110111000011111010111110000111
1011111000011111011111000011111010101111100001111101111100001111101010111110000111110111110000111110101011111000011
1101111100001110001110000111110110110111110000111000111000011111011011011111000011100011100001111101101101111100001
1110111110000111011100001111101110111011111000011101110000111110111011101111100001110111000011111011101110111110000
1111011111000011111000011111011110111101111100001111100001111101111011110111110000111110000111110111101111011111000
1111100000010001110001000000111110111110000001000111000100000011111011111000000100011100010000001111101111100000010
0111100000111000100011100000111100011110000011100010001110000011110001111000001110001000111000001111000111100000111
0011100001111100000111110000111001001110000111110000011111000011100100111000011111000001111100001110010011100001111
1001100011101110001110111000110011100110001110111000111011100011001110011000111011100011101110001100111001100011101
1100100111000111011100011100100111110010011100011101110001110010011111001001110001110111000111001001111100100111000
1110001110010011111001001110001110111000111001001111100100111000111011100011100100111110010011100011101110001110010
0111011100011001110011000111011100011101110001100111001100011101110001110111000110011100110001110111000111011100011
0011111000011100100111000011111000001111100001110010011100001111100000111110000111001001110000111110000011111000011
0001110000011110001111000001110001000111000001111000111100000111000100011100000111100011110000011100010001110000011
1000100000011111011111000000100011100010000001111101111100000010001110001000000111110111110000001000111000100000011
