00000010000000001000000
00000011000000011000000
00000011100000111000000
00000010110001101000000
00000010011011001000000
00000010001110001000000
11111110000100001111111
01100001111011110000110
00110001001010110001100
00011001011011010011000
00001101110101110110000
00000110001010001100000
00001101110101110110000
00011001011010010011000
00110001101010110001100
01100001111011110000110
11111110000100001111111
00000010001110001000000
00000010011011001000000
00000010110001101000000
00000011100000111000000
00000011000000011000000
00000010000000001000000
