0000011111110101010101111111000000101000000010011000110010000000101000000111111101010101011111110000001010000000100
0000100000001010101010000000100001101100000111001101100111000001101100001000000010101010100000001000011011000001110
0001011111110101010101111111010000011100011100100010001001110001110000010111111101010101011111110100000111000111001
0010111111111010101011111111101001111100111101110111011101111001111100101111111110101010111111111010011111001111011
0101110000000001110000000001110100111101011101110010011101110101111001011100000000011100000000011101001111010111011
1011101111111110101111111110111010000010001100110111011001100010000010111011111111101011111111101110100000100011001
0111010000000011011000000001011101000100000010110010011010000001000101110100000000110110000000010111010001000000101
1110100000001101110110000000101110101000000000110111011000000000101011101000000011011101100000001011101010000000001
1101010000110001110001100001010111010010000010110010011010000010010111010100001100011100011000010101110100100000101
1010111001100011111000110011101011101111000111110111011111000111101110101110011000111110001100111010111011110001111
1010011100110110101101100111001011101011100011110111011110001110101110100111001101101011011001110010111010111000111
1010001110011100100111001110001011101001110001111111111100011100101110100011100111001001110011100010111010011100011
1010000111000010101000011100001011101000111000111111111000111000101110100001110000101010000111000010111010001110001
1010001110001111111110001110001011101000011100001010100001110000101110100011100011111111100011100010111010000111000
1010011100011111111111000111001011101000111001110010011100111000101110100111000111111111110001110010111010001110011
1010111000111101110111100011101011101001110011011010110110011100101110101110001111011101111000111010111010011100110
1011110001111101110111110001111011101011100110001111100011001110101110111100011111011101111100011110111010111001100
0100100000101100100110100000100101110101000011000111000110000101011101001000001011001001101000001001011101010000110
1010000000001101110110000000001010111010000000110111011000000010111010100000000011011101100000000010101110100000001
0001000000101100100110100000010001011101000000001101100000000101110100010000001011001001101000000100010111010000000
0000100011001101110110011000100000101110111111111010111111111011101000001000110011011101100110001000001011101111111
1111010111011100100111011101011110010111000000000111000000000111010011110101110111001001110111010111100101110000000
1111001111011101110111011110011111001011111111101010101111111110100111110011110111011101110111100111110010111111111
0111000111001000100010011100011100000101111111010101010111111101000001110001110010001000100111000111000001011111110
1011000001110011011001110000011011000010000000101010101000000010000110110000011100000110011100000110110000100000001
1010000000100110001100100000001010000001111111010101010111111100000010100000001000000011001000000010100000011111110
