0010001111100000000000000000000000000000000000000000000000000000000000111110001000100011111000000000000000000000000
0100111000111100000000000000000010001000000010001000000000000000000111100011100101001110001111000000000000000000100
1001100011000110000011111100000111001100100110011100000111111000001100011000110010011000110001100000111111000001110
1011000111100011000111110000000011101110101110111000000001111100011000111100011010110001111000110001111100000000111
1110001111000001001111110011110001110101110101110001111001111110010000011110001111100011110000010011111100111100011
1100001110001001101111100000111101111011011011110111100000111110110010001110000111000011100010011011111000001111011
1110001000011110110111000000011110110111011101101111000000011101101111000010001111100010000111101101110000000111101
1100100000111110010000000000001111010111011101011110000000000001001111100000100111001000001111100100000000000011110
1010010001111110011000011111000111100111011100111100011111000011001111110001001010100100011111100110000111110001111
1001100001111100001000111100000011111011111011111000000111100010000111110000110010011000011111000010001111000000111
1000000011111000001001111100000001111100100111110000000111110010000011111000000010000000111110000010011111000000011
1011100000000000001101111000000001111111111111110000000011110110000000000000111010111000000000000011011110000000011
0111111000000011100101110000110000111111011111100001100001110100111000000011111101111110000000111001011100001100001
1111111100000111110110000011100000001110101110000000111000001101111100000111111111111111000001111101100000111000000
1001111100001111110110000111100000000000100000000000111100001101111110000111110010011111000011111101100001111000000
1110111110011111111011001111100000001100100110000000111110011011111111001111101111101111100111111110110011111000000
0111001111000111110001001111101110000010101000001110111110010001111100011110011101110011110001111100010011111011100
0111010111100001110001101111100111001001110010011100111110110001110000111101011101110101111000011100011011111001110
0111011011110000000000100111000111100011111000111100011100100000000001111011011101110110111100000000001001110001111
0110111101111000000000110010000111110001110001111100001001100000000011110111101101101111011110000000001100100001111
1101011100011110000110011010000111100011111000111100001011001100001111000111010111010111000111100001100110100001111
1011101110000000001111101101000111100110101100111100010110111110000000001110111010111011100000000011111011010001111
1001100111000000011111100111000001001100100110010000011100111111000000011100110010011001110000000111111001110000010
0000100010000001111111100001111000111001010011100011110000111111110000001000100000001000100000011111111000011110001
