0001111100111100111111111011101111111110011110011111000001111100111100111111111011101111111110011110011111000001111
0011101110011100111111110111110111111110011100111011100011101110011100111111110111110111111110011100111011100011101
0111000111001100111111100111110011111110011001110001110111000111001100111111100111110011111110011001110001110111000
1110010011100110111111011011101101111110110011100100111110010011100110111111011011101101111110110011100100111110010
1110011001110001000000111101011110000001000111001100111110011001110001000000111101011110000001000111001100111110011
1011001100111011111110111111111110111111101110011001101011001100111011111110111111111110111111101110011001101011001
1001111010011101111110111101011110111111011100101111001001111010011101111110111101011110111111011100101111001001111
1100000111001110111110011001001100111110111001110000011100000111001110111110011001001100111110111001110000011100000
1001000111100111011110000001000000111101110011110001001001000111100111011110000001000000111101110011110001001001000
1011100111110011100001111001001111000011100111110011101011100111110011100001111001001111000011100111110011101011100
1110110111111001110011001101011001100111001111110110111110110111111001110011001101011001100111001111110110111110110
1011100000000110111001100111110011001110110000000011101011100000000110111001100111110011001110110000000011101011100
1001001111111010011100100111110010011100101111111001001001001111111010011100100111110010011100101111111001001001001
1100011111111011001110001110111000111001101111111100011100011111111011001110001110111000111001101111111100011100011
1110111111111011100111011100011101110011101111111110111110111111111011100111011100011101110011101111111110111110111
1100111111111011110011111000001111100111101111111110011100111111111011110011111000001111100111101111111110011100111
