0001000010011111100100001000000001110001110000000010000100111111001000010000000011100011100000000100001001111110010
0011100111000110001110011100000001111011110000000111001110001100011100111000000011110111100000001110011100011000111
1110101101100110011011010111011110000100001111011101011011001100110110101110111100001000011110111010110110011001101
0011100111010110101110011100001110001010001110000111001110101101011100111000011100010100011100001110011101011010111
0011110010001111000100111100000110010001001100000111100100011110001001111000001100100010011000001111001000111100010
0111001000010110100001001110000010100100101000001110010000101101000010011100000101001001010000011100100001011010000
0110101100100110010011010110000001001110010000001101011001001100100110101100000010011100100000011010110010011001001
0110011100100110010011100110000010100100101000001100111001001100100111001100000101001001010000011001110010011001001
0011111110010110100111111100000110010001001100000111111100101101001111111000001100100010011000001111111001011010011
0001111111001111001111111000001110001010001110000011111110011110011111110000011100010100011100000111111100111100111
0000101001100110011001010000011110000100001111000001010011001100110010100000111100001000011110000010100110011001100
0000101000110110110001010000000001111011110000000001010001101101100010100000000011110111100000000010100011011011000
0001010100011001100010101000000001110001110000000010101000110011000101010000000011100011100000000101010001100110001
