00001000000001000111100000000
00011100000001101111110100000
00010010000000111111111100000
00111001000000011101000000000
01101101100000111111111100000
00111001110001100111110000000
00010001111001001111000000000
00000001111100001101100000000
00000011111000000110110000000
00000111110000000011011000000
00111111100000000001101100000
01100000000000000000110110000
11101111111100000000010010000
01111111111110000000111111000
00111111111111111111111111110
01100000000000000000000000011
01000000000000000000100000110
01000000000111000001010001100
01001000001001000000100011000
01010100011100100000000010000
01001011111111010000000110000
01000101111111001000000110000
00100100000011000111011111110
00010100000000000001111110110
00001010000000000011111000110
00000111110000000001110000000
00000010110000000011111100000
00000000110000000001101100000
00000000110000000001101100000
