00000000000000000100000000000000000
00000000001100001110000110000000000
00000000011110011011001111000000000
00000000011110110001101111000000000
00000000001101111011110110000000000
00011100000011110101111000000111000
00101110000111101110111100001110100
00000111001111011111011110011100000
00000111101111111011111110111100000
00001101100111101110111100110110000
00001000100000000100000000100010000
00001101100111111111111100110110000
01000111001111110101111110011100010
10100011001111101110111110011000101
10000001000111011111011100010000001
11000000100000001110000000100000011
11100000010000100100100001000000111
01111000001001010101010010000011110
00011110000100011111000100001111000
00000111100010001110001000111100000
00000001111001000100010011110000000
00000000011100100100100111000000000
00000000000110011111001100000000000
00000110000011000100011000001100000
00000111011001100100110011011100000
00011011011100110101100111011011000
00011100011100010101000111000111000
00001101100000010101000000110110000
00000001101100001110000110110000000
00001110001110001110001110001110000
00001110110110000100001101101110000
00000110111001001110010011101100000
00000000011000111111100011000000000
00000000000000111111100000000000000
