0000010101
0000001110
0110011011
1001001110
0101010101
0011100000
0110010100
0110010010
0011111100
0001100000
0000000000
1010100000
0111000000
1101100110
0111001001
1010101010
0000011100
0010100110
0100100110
0011111100
0000011000
0000000000
0000010101
0000001110
0110011011
1001001110
0101010101
0011100000
0110010100
0110010010
0011111100
0001100000
0000000000
1010100000
0111000000
1101100110
0111001001
1010101010
0000011100
0010100110
0100100110
0011111100
0000011000
0000000000
0000010101
0000001110
0110011011
1001001110
0101010101
0011100000
0110010100
0110010010
0011111100
0001100000
0000000000
1010100000
0111000000
1101100110
0111001001
1010101010
0000011100
0010100110
0100100110
0011111100
0000011000
0000000000
0000010101
0000001110
0110011011
1001001110
0101010101
0011100000
0110010100
0110010010
0011111100
0001100000
0000000000
1010100000
0111000000
1101100110
0111001001
1010101010
0000011100
0010100110
0100100110
0011111100
0000011000
0000000000
0000010101
0000001110
0110011011
1001001110
0101010101
0011100000
0110010100
0110010010
0011111100
0001100000
0000000000
1010100000
0111000000
1101100110
0111001001
1010101010
0000011100
0010100110
0100100110
0011111100
0000011000
0000000000
0000010101
0000001110
0110011011
1001001110
0101010101
0011100000
0110010100
0110010010
0011111100
0001100000
0000000000
1010100000
0111000000
1101100110
0111001001
1010101010
0000011100
0010100110
