00000000000100000000000000
00000000001000000011000000
00000000011000000110100000
00001000011110001110000000
00010000011111011110000000
00011111001111011100000100
00001111100111011100111100
00000111110110011001111000
00111011110000001011110000
01111100010111110011100000
10111111001000001010011100
00001111010100010100111110
00000000010010100101111111
00001111010001000101111111
00011111010010100100111000
00011111010100010100000000
00011111001000001011110000
00011110010111110011111000
00111001110000001001111100
00100011110011011100111101
01000111110111011100011110
00000111100111011110000000
00000011001111011111000000
00000010001111001111000000
00000100001111000111000000
00000000000110000011100000
00000000000100000000100000
00000000000010000000000000
