0000000000000000000011010000000010000000011100000111110000011100000000100000000101100000000000000000000000000000000
1000100010000000000001011000000101111101100111000001000001110011011111010000001101000000000000100010001000100010000
0101100111000000001101011100001010000001100000111001001110000011000000101000011101011000000001110011010101100111000
1011101110000000000101100000010100000010000001111110111111000000100000010100000011010000000000111011101011101110000
1101011100011110110101111100101010000100000011111111111111100000010000101010011111010110111100011101011101011100011
0110111101111000010110000101010011111000000111111001001111110000001111100101010000110100001111011110110110111101111
0111011011110011010111110010101000011000000111110111110111110000001100001010100111110101100111101101110111011011110
0111010111100001011000010101001111101000001111001110111001111000001011111001010100001101000011110101110111010111100
0111001111000001011111001010100001101000011110101110111010111100001011000010101001111101000001111001110111001111000
1110111110000001100001010100111110101100111101101110111011011110011010111110010101000011000000111110111110111110000
1001111110000001111100101010000110100001111011110110110111101111000010110000101010011111000000111111001001111110000
1111111100000010000101010011111010110111100011101011101011100011110110101111100101010000100000011111111111111100000
0111111000000100000010100000011010000000000111011101011101110000000000101100000010100000010000001111110111111000000
1001110000011000000101000011101011000000001110011010101100111000000001101011100001010000001100000111001001110000011
1000001110011011111010000001101000000000000100010001000100010000000000001011000000101111101100111000001000001110011
1110000011100000000100000000101100000000000000000000000000000000000000011010000000010000000011100000111110000011100
