0111111111000001110010000000100000001001110000011111111101111111110000011100100000001000000010011100000111111111011
1000000000100011101001000001110000010010111000100000000010000000001000111010010000011100000100101110001000000000100
0111111111010111000110000100100100001100011101011111111101111111110101110001100001001001000011000111010111111111011
1100001010101000000000001110101110000000000010101010000111000010101010000000000011101011100000000000101010100001110
1010001010010100010100000111011100000101000101001010001010100010100101000101000001110111000001010001010010100010101
1000001010010100101010010010101001001010100101001010000010000010100101001010100100101010010010101001010010100000100
1001000101010100001000111101110111100010000101010100010010010001010101000010001111011101111000100001010101000100100
1011100010111111111000010010101001000011111111101000111010111000101111111110000100101010010000111111111010001110101
0111000001000000000100000111011100000100000000010000011101110000010000000001000001110111000001000000000100000111011
1010010000111111111010001110101110001011111111100001001010100100001111111110100011101011100010111111111000010010101
1101111000100001010101000100100100010101010000100011110111011110001000010101010001001001000101010100001000111101110
1010010010101001010010100000100000101001010010101001001010100100101010010100101000001000001010010100101010010010101
0111000001010001010010100010101000101001010001010000011101110000010100010100101000101010001010010100010100000111011
1011100000000000101010100001110000101010100000000000111010111000000000001010101000011100001010101000000000001110101
1001000011000111010111111111011111111101011100011000010010010000110001110101111111110111111111010111000110000100100
1100000100101110001000000000100000000010001110100100000111000001001011100010000000001000000000100011101001000001110
1000000010011100000111111111011111111100000111001000000010000000100111000001111111110111111111000001110010000000100
