0000000000000000000011110001000001000001000111100000000000000000000000001111000100000100000100011110000000000000000
0000001110000001100010010011000011100001100100100011000000111000000110001001001100001110000110010010001100000011100
0001000100010001100010010000100100010010000100100011000100010001000110001001000010010001001000010010001100010001000
0011000100011000011111111110010110110100111111111100001100010001100001111111111001011011010011111111110000110001000
0000111111100000010010010010001111111000100100100100000011111110000001001001001000111111100010010010010000001111111
0001010101010000010010010010011111111100100100100100000101010101000001001001001001111111110010010010010000010101010
1000101010100011111111111110001010101000111111111111100010101010001111111111111000101010100011111111111110001010101
1001111111110010010010010000010101010100000100100100100111111111001001001001000001010101010000010010010010011111111
1000111111100010010010010000001111111000000100100100100011111110001001001001000000111111100000010010010010001111111
1001011011010011111111110000110001000110000111111111100101101101001111111111000011000100011000011111111110010110110
0010010001001000010010001100010001000100011000100100001001000100100001001000110001000100010001100010010000100100010
1100001110000110010010001100000011100000011000100100110000111000011001001000110000001110000001100010010011000011100
0100000100000100011110000000000000000000000000111100010000010000010001111000000000000000000000000011110001000001000
