00000000000000000000000000001000000000000000000000000000
00000000000000000000000000010100000000000000000000000000
00111111111111110000000000100010000000000111111111111110
00100000000000010000000001000001000000000100000000000010
00101111111111010000000010001000100000000101111111111010
00101111111111010000000100011100010000000101111111111010
00101100000011010000001000111110001000000101100000011010
00101101111011010000010001110111000100000101101111011010
00101101001011010000010011100011100100000101101001011010
00101101001011010000010011100011100100000101101001011010
00101101111011011111110011111111111111111111111111011010
00101100001011010000010011100000000000000000000000011010
00101111111011011111110011111111111111111111111111111010
00101111111011011111110011111111111111111111111111111010
00100000001011010000010011100000000000000000000000000010
00111111111011011111110011111111111111111111111111111110
00000000001011010000010011100011100100000101101000000000
00000000001011010110010011100011100100110101101000000000
00000000001011010101010001110111000101010101101000000000
00000000001011010011101000111110001011100101101000000000
00000000001011010001010100011100010101000101101000000000
00000001111011011110111010001000101110111111111111000000
00000010001011010001010101000001010101000000000000100000
00000100001011010000101110100010111010000000000000010000
00001000111011011100010101010101010100011111111110001000
00010001111011011110001011101011101000111111111111000100
00100011111011011111000101010101010001111111111111100010
01000111001011010011100010101010100011100101101001110001
10001110001011010001110001011101000111000101101000111000
01000111001011010011100010101010100011100101101001110001
00100011111111111111000101010101010001111101101111100010
00010001111111111110001011101011101000111101101111000100
00001000111111111100010101010101010100011101101110001000
00000100000000000000101110100010111010000101101000010000
00000010000000000001010101000001010101000101101000100000
00000001111111111110111010001000101110111101101111000000
00000000001011010001010100011100010101000101101000000000
00000000001011010011101000111110001011100101101000000000
00000000001011010101010001110111000101010101101000000000
00000000001011010110010011100011100100110101101000000000
00000000001011010000010011100011100100000101101000000000
00111111111111111111111111111111100111111101101111111110
00100000000000000000000000000011100100000101101000000010
00101111111111111111111111111111100111111101101111111010
00101111111111111111111111111111100111111101101111111010
00101100000000000000000000000011100100000101101000011010
00101101111111111111111111111111100111111101101111011010
00101101001011010000010011100011100100000101101001011010
00101101001011010000010011100011100100000101101001011010
00101101111011010000010001110111000100000101101111011010
00101100000011010000001000111110001000000101100000011010
00101111111111010000000100011100010000000101111111111010
00101111111111010000000010001000100000000101111111111010
00100000000000010000000001000001000000000100000000000010
00111111111111110000000000100010000000000111111111111110
00000000000000000000000000010100000000000000000000000000
