0011111110111111100000111101100000000000001101111000001111111011111110000011110110000000000000110111100000111111101
1100000011100000011000100101100000010000001101001000110000001110000001100010010110000001000000110100100011000000111
1100110001000110011000100100010000101000010001001000110011000100011001100010010001000010100001000100100011001100010
0000110011100110000111111111101001000100101111111111000011001110011000011111111110100100010010111111111100001100111
0000001111111000000100100100100111101111001001001001000000111111100000010010010010011110111100100100100100000011111
0000011011101100000100100100100111111111001001001001000001101110110000010010010010011111111100100100100100000110111
0000001001001000111111111111100010010010001111111111111000100100100011111111111110001001001000111111111111100010010
0000011111111100100100100100000110111011000001001001001001111111110010010010010000011011101100000100100100100111111
0000011110111100100100100100000011111110000001001001001001111011110010010010010000001111111000000100100100100111101
0000100100010010111111111100001100111001100001111111111010010001001011111111110000110011100110000111111111101001000
0001000010100001000100100011001100010001100110001001000100001010000100010010001100110001000110011000100100010000101
0110000001000000110100100011000000111000000110001001011000000100000011010010001100000011100000011000100101100000010
0110000000000000110111100000111111101111111000001111011000000000000011011110000011111110111111100000111101100000000
