0111100000010000100001000000111101111000000100001000010000001111011110000001000010000100000011110111100000010000100
1100010000100001110000100001000111000100001000011100001000010001110001000010000111000010000100011100010000100001110
1000010001100110101100110001000010000100011001101011001100010000100001000110011010110011000100001000010001100110101
1011001001101011011010110010011010110010011010110110101100100110101100100110101101101011001001101011001001101011011
0111000101000010101000010100011101110001010000101010000101000111011100010100001010100001010001110111000101000010101
0110110010001101110110001001101101101100100011011101100010011011011011001000110111011000100110110110110010001101110
1001110010011100100111001001110010011100100111001001110010011100100111001001110010011100100111001001110010011100100
1101100010011011011011001000110111011000100110110110110010001101110110001001101101101100100011011101100010011011011
1010000101000111011100010100001010100001010001110111000101000010101000010100011101110001010000101010000101000111011
0110101100100110101100100110101101101011001001101011001001101011011010110010011010110010011010110110101100100110101
1011001100010000100001000110011010110011000100001000010001100110101100110001000010000100011001101011001100010000100
1100001000010001110001000010000111000010000100011100010000100001110000100001000111000100001000011100001000010001110
1000010000001111011110000001000010000100000011110111100000010000100001000000111101111000000100001000010000001111011
