000110001100000111111111100000001111111111000001100011000
001111011110000011111111110000011111111110000011110111100
010111011101000001111100111000111001111100000101110111010
111011011011100011111110011101110011111110001110110110111
111101010111100111111111001111100111111111001111010101111
011111111111000111101111000111000111101111000111111111110
000001010000000011000110000010000011000110000000010100000
011111111111000000000000000010000000000000000111111111110
111101010111100000000000000111000000000000001111010101111
111011011011100000000000001111100000000000001110110110111
010111011101000000000000011111110000000000000101110111010
001111011111100000000000001111100000000000001111110111100
000110001101110000000000000111000000000000011101100011000
000000000000111111000000000010000000000111111000000000000
000000000000011111000000000010000000000111110000000000000
100011000000011011000000000111000000000110110000000110001
110111100000011111000000001111100000000111110000001111011
111111100000011111100000011111110000001111110000001111111
111111000000000001111111111111111111111100000000000111111
111110000000000000111111111111111111111000000000000011111
111111000000000000111111000000000111111000000000000111111
111111100000000000111110010000010011111000000000001111111
110111100000000000111100011000110001111000000000001111011
110011000000000000111000011101110000111000000000000110011
111000000000000000110000011111110000011000000000000000111
011100000010000001110111111010111111011100000010000001110
001110000111000011110011111010111110011110000111000011100
000111001111100111110001100000001100011111001111100111000
000011111111111111110000111010111000011111111111111110000
000111001111100111110001100000001100011111001111100111000
001110000111000011110011111010111110011110000111000011100
011100000010000001110111111010111111011100000010000001110
111000000000000000110000011111110000011000000000000000111
110011000000000000111000011101110000111000000000000110011
110111100000000000111100011000110001111000000000001111011
111111100000000000111110010000010011111000000000001111111
111111000000000000111111000000000111111000000000000111111
111110000000000000111111111111111111111000000000000011111
111111000000000001111111111111111111111100000000000111111
111111100000011111100000011111110000001111110000001111111
110111100000011111000000001111100000000111110000001111011
100011000000011011000000000111000000000110110000000110001
000000000000011111000000000010000000000111110000000000000
000000000000111111000000000010000000000111111000000000000
000110001101110000000000000111000000000000011101100011000
001111011111100000000000001111100000000000001111110111100
010111011101000000000000011111110000000000000101110111010
111011011011100000000000001111100000000000001110110110111
111101010111100000000000000111000000000000001111010101111
011111111111000000000000000010000000000000000111111111110
000001010000000011000110000010000011000110000000010100000
011111111111000111101111000111000111101111000111111111110
111101010111100111111111001111100111111111001111010101111
111011011011100011111110011101110011111110001110110110111
010111011101000001111100111000111001111100000101110111010
001111011110000011111111110000011111111110000011110111100
000110001100000111111111100000001111111111000001100011000
