111111110011111111111111100011000111000111000110001111111111111110011111111
100000010010000000000000010001101111101111101100010000000000000010010000001
101111010010111111111111101000111000111000111000101111111111111010010111101
101001010010100000000000010100010011111110010001010000000000001010010100101
101001010010100000000000001010000111010111000010100000000000001010010100101
101111111110111111000000000101001110010011100101000000000111111011111111101
100000000010100001000000000010100100111001001010000000000100001010000000001
111111111110111101000000000001010001111100010100000000000101111011111111111
000001010010100101000000000000101000111000101000000000000101001010010100000
000001010010100101000000000000010100010001010000000000000101001010010100000
111111011111111101000000000000001010000010100000000000000101111111110111111
100001010000000001000000000000000101000101000000000000000100000000010100001
101111011111111111000000000000000010101010000000000000000111111111110111101
101001010010100000000011111111000001010100000111111110000000001010010100101
101001010010100000000010000000100000101000001000000010000000001010010100101
101001011110100000000010111111010001010100010111111010000000001011110100101
101001000000100000000010100000101010101010101000001010000000001000000100101
101001111111100000000010100000010101000101010000001010000000001111111100101
101000000000000000000010100000001010000010100000001010000000000000000000101
101000000000000000000010100000010101000101010000001010000000000000000000101
101000000000000000000010100000101010101010101000001010000000000000000000101
101000000000000000000010100001010001010100010100001010000000000000000000101
101000000000011111111110100010100000101000001010001011111111110000000000101
101000000000010000000000100101000000010000000101001000000000010000000000101
101000000000010111111111101010110000000000011010101111111111010000000000101
010100000000010100000000010100101000000000101001010000000001010000000001010
001010000000010100000000101000100100000001001000101000000001010000000010100
000101000000010100000001010000100010000010001000010100000001010000000101000
100010100000010100000010100000100001000100001000001010000001010000001010001
110001010000010100000101000000100000101000001000000101000001010000010100011
011000101000001010001010111111100000010000001111111010100010100000101000110
001100010100000101010100100000010000010000010000001001010101000001010001100
011001001010000010101000010000001000010000100000010000101010000010100100110
110011100101000001010000001000000100010001000000100000010100000101001110011
110111000010100010101000000100000010010010000001000000101010001010000111011
110110010001010101010100000010000001010100000010000001010101010100010011011
011100111000101010001010000001000000101000000100000010100010101000111001110
001111111100010100000101000000111111000111111000000101000001010001111111100
011100111000101010001010000001000000101000000100000010100010101000111001110
110110010001010101010100000010000001010100000010000001010101010100010011011
110111000010100010101000000100000010010010000001000000101010001010000111011
110011100101000001010000001000000100010001000000100000010100000101001110011
011001001010000010101000010000001000010000100000010000101010000010100100110
001100010100000101010100100000010000010000010000001001010101000001010001100
011000101000001010001010111111100000010000001111111010100010100000101000110
110001010000010100000101000000100000101000001000000101000001010000010100011
100010100000010100000010100000100001000100001000001010000001010000001010001
000101000000010100000001010000100010000010001000010100000001010000000101000
001010000000010100000000101000100100000001001000101000000001010000000010100
010100000000010100000000010100101000000000101001010000000001010000000001010
101000000000010111111111101010110000000000011010101111111111010000000000101
101000000000010000000000100101000000010000000101001000000000010000000000101
101000000000011111111110100010100000101000001010001011111111110000000000101
101000000000000000000010100001010001010100010100001010000000000000000000101
101000000000000000000010100000101010101010101000001010000000000000000000101
101000000000000000000010100000010101000101010000001010000000000000000000101
101000000000000000000010100000001010000010100000001010000000000000000000101
101001111111100000000010100000010101000101010000001010000000001111111100101
101001000000100000000010100000101010101010101000001010000000001000000100101
101001011110100000000010111111010001010100010111111010000000001011110100101
101001010010100000000010000000100000101000001000000010000000001010010100101
101001010010100000000011111111000001010100000111111110000000001010010100101
101111011111111111000000000000000010101010000000000000000111111111110111101
100001010000000001000000000000000101000101000000000000000100000000010100001
111111011111111101000000000000001010000010100000000000000101111111110111111
000001010010100101000000000000010100010001010000000000000101001010010100000
000001010010100101000000000000101000111000101000000000000101001010010100000
111111111110111101000000000001010001111100010100000000000101111011111111111
100000000010100001000000000010100100111001001010000000000100001010000000001
101111111110111111000000000101001110010011100101000000000111111011111111101
101001010010100000000000001010000111010111000010100000000000001010010100101
101001010010100000000000010100010011111110010001010000000000001010010100101
101111010010111111111111101000111000111000111000101111111111111010010111101
100000010010000000000000010001101111101111101100010000000000000010010000001
111111110011111111111111100011000111000111000110001111111111111110011111111
