100111001001110010011100100111001
011010010100101101101001010010110
011100100010011101110010001001110
101101001001011010110100100101101
110010011100100111001001110010011
100101101011010010010110101101001
001001110111001000100111011100100
010010110110100101001011011010010
100111001001110010011100100111001
010010110110100101001011011010010
001001110111001000100111011100100
100101101011010010010110101101001
110010011100100111001001110010011
101101001001011010110100100101101
011100100010011101110010001001110
011010010100101101101001010010110
100111001001110010011100100111001
011010010100101101101001010010110
011100100010011101110010001001110
101001001001011010110100100101101
110010011100100111001001110010011
100101101011010010010110101101001
001001110111001000100111011100100
010010110110100101001011011010010
100111001001110010011100100111001
010010110110100101001011011010010
001001110111001000100111011100100
100101101011010010010110101101001
110010011100100111001001110010011
101101001001011010110100100101101
011100100010011101110010001001110
011010010100101101101001010010110
100111001001110010011100100111001
