0000000010000000001001001000000000000000000010010010000000001000000000000000100000000010010010000000000000000000010
0000000100000000010101010100000000000000000101010101000000000100000000000001000000000101010101000000000000000000101
0000001000000000100101010010000000000000001001010100100000000010000000000010000000001001010100100000000000000001001
0000011010000001100001000011000000000000011000010000110000001011000000000110100000011000010000110000000000000011000
1111100101000000010001000100000000000000000100010001000000010100111111111001010000000100010001000000000000000000100
1001001010000000001011101000000000000000000010111010000000001010010010010010100000000010111010000000000000000000010
1100100101000000000110110000000000000000000001101100000000010100100111001001010000000001101100000000000000000000001
1000010000000000001011101000000001010000000010111010000000000001000010000100000000000010111010000000001010000000010
1100001000010000010001000100000000100000000100010001000001000010000111000010000100000100010001000000000100000000100
1010000111110001100001000011000001010000011000010000110001111100001010100001111100011000010000110000001010000011000
1001000110000100100101010010011000100011001001010100100100001100010010010001100001001001010100100011000100011001001
1000000101111100010101010100111100000111100101010101000111110100000010000001011111000101010101000111100000111100101
1000000101100001001001001001100100000100110010010010010000110100000010000001011000010010010010001100100000100110010
0110001101011111000001000001101000100010110000010000011111010110001101100011010111110000010000001101000100010110000
0111000001011000010001010001100001110000110001010001000011010000011101110000010110000100010100001100001110000110001
0110000011010111110001111000011111011111000011110001111101011000001101100000110101111100011110000011111011111000011
0101100000010110000100110000001110001110000001100100001101000000110101011000000101100001001100000001110001110000001
1011110000110101111101111010000000000000001011110111110101100001111010111100001101011111011110010000000000000001011
0101101000000101100000101111001010001010011110100000110100000010110101011010000001011000001011111001010001010011110
0110000100001101011100000110000100000100001100000111010110000100001101100001000011010111000000110000100000100001100
0111010010000001011000001111001110001110011110000011010000001001011101110100100000010110000001111001110001110011110
0110001100000011010000000101111111111111110100000001011000000110001101100011000000110100000000101111111111111110100
