00000000100000100000000
00000000110001100000000
00000000111011100000000
00011111111011111111000
00011010111011101011000
00010000111011100001000
00011010111011101011000
11111111011011011111111
01111111101010111111110
00111111110101111111100
00000000001110000000000
00111111110101111111100
01111111101010111111110
11111111011011011111111
00011010111011101011000
00010000111011100001000
00011010111011101011000
00011111111011111111000
00000000111011100000000
00000000110001100000000
00000000100000100000000
