0000011100011100000000000001000000000000011100011100000
0000110110110110000000000011100000000000110110110110000
0011100010100011100000000111110000000011100010100011100
0010110110110110100000001111111000000010110110110110100
0111011110111101110000011011101100000111011110111101110
1101101110111011011000011111111100001101101110111011011
1000110110110110001000001101011000001000110110110110001
1101111010101111011000001111111000001101111010101111011
0111111101011111110000011010101100000111111101011111110
0000000011100000000000010101010100000000000011100000000
0111111101011111110000011010101100000111111101011111110
1101111010101111011000001111111000001101111010101111011
1000110110110110001000010111110100001000110110110110001
1101101110111011011011100011100011101101101110111011011
0111011110111101110001100001000011000111011110111101110
0010110110110110100110100001000010110010110110110110100
0011100010100011100010000001000000100011100010100011100
0000110110110110010000000001000000000100110110110110000
0000011100011100001000011101011100001000011100011100000
0000000000000001000100110110110110010001000000000000000
0000000000000101100011100010100011100011010000000000000
0000000000000110000010110110110110100000110000000000000
0000000000000111000111011110111101110001110000000000000
0000110011101000001101101110111011011000001011100110000
0001111110110000001000110110110110001000000110111111000
0011011101011000001101111010101111011000001101011101100
0111110110111100000111111101011111110000011110110111110
1111111101011111111000000011100000001111111101011111111
0111110110111100000111111101011111110000011110110111110
0011011101011000001101111010101111011000001101011101100
0001111110110000001000110110110110001000000110111111000
0000110011101000001101101110111011011000001011100110000
0000000000000111000111011110111101110001110000000000000
0000000000000110000010110110110110100000110000000000000
0000000000000101100011100010100011100011010000000000000
0000000000000001000100110110110110010001000000000000000
0000011100011100001000011101011100001000011100011100000
0000110110110110010000000001000000000100110110110110000
0011100010100011100010000001000000100011100010100011100
0010110110110110100110100001000010110010110110110110100
0111011110111101110001100001000011000111011110111101110
1101101110111011011011100011100011101101101110111011011
1000110110110110001000010111110100001000110110110110001
1101111010101111011000001111111000001101111010101111011
0111111101011111110000011010101100000111111101011111110
0000000011100000000000010101010100000000000011100000000
0111111101011111110000011010101100000111111101011111110
1101111010101111011000001111111000001101111010101111011
1000110110110110001000001101011000001000110110110110001
1101101110111011011000011111111100001101101110111011011
0111011110111101110000011011101100000111011110111101110
0010110110110110100000001111111000000010110110110110100
0011100010100011100000000111110000000011100010100011100
0000110110110110000000000011100000000000110110110110000
0000011100011100000000000001000000000000011100011100000
