00111100000010000000000000001000000111100
01000111001101101111111110110110011100010
10110111100101010000000001010100111101101
10110111110000101111111110100001111101101
10000111111001010000000001010011111100001
11111100000010110111111101101000000111111
01111011100101110111011101110100111011110
01111011001011110110101101111010011011110
00111010010100000101010100000101001011100
00011000101101111010001011110110100011000
01001001011101110100100101110111010010010
01100010111101101001110010110111101000110
10000101000001010100100101010000010100001
01101011011110100110001100101111011010110
01010111011101000111011100010111011101010
00101111011010000111011100001011011110100
01010000010100000111111100000101000001010
01010111101011111000100011111010111101010
01010111010001111000100011110001011101010
01010110100100111001010011100100101101010
01010101001110001110101110001110010101010
01010110100100111001010011100100101101010
01010111010001111000100011110001011101010
01010111101011111000100011111010111101010
01010000010100000111111100000101000001010
00101111011010000111011100001011011110100
01010111011101000111011100010111011101010
01101011011110100110001100101111011010110
10000101000001010100100101010000010100001
01100010111101101001110010110111101000110
01001001011101110100100101110111010010010
00011000101101111010001011110110100011000
00111010010100000101010100000101001011100
01111011001011110110101101111010011011110
01111011100101110111011101110100111011110
11111100000010110111111101101000000111111
10000111111001010000000001010011111100001
10110111110000101111111110100001111101101
10110111100101010000000001010100111101101
01000111001101101111111110110110011100010
00111100000010000000000000001000000111100
