0001110010010100011111100010100001110010010100011111100010100001110010010100011111100010100001110010010100011111100
0000111100001100111111110011000000111100001100111111110011000000111100001100111111110011000000111100001100111111110
0000101100011101000000001011100000101100011101000000001011100000101100011101000000001011100000101100011101000000001
0100100110000010111110000100000100100110000010111110000100000100100110000010111110000100000100100110000010111110000
0110111110000100100100000010000110111110000100100100000010000110111110000100100100000010000110111110000100100100000
0111000010001000101000010001000111000010001000101000010001000111000010001000101000010001000111000010001000101000010
0101100000010000110111110000100101100000010000110111110000100101100000010000110111110000100101100000010000110111110
0111110000100000100100110000010111110000100000100100110000010111110000100000100100110000010111110000100000100100110
1000000001011100000101100011101000000001011100000101100011101000000001011100000101100011101000000001011100000101100
0111111110011000000111100001100111111110011000000111100001100111111110011000000111100001100111111110011000000111100
0011111100010100001110010010100011111100010100001110010010100011111100010100001110010010100011111100010100001110010
