0100011111100010000000000000001011111110100000000000000010001111110001000000000000000101111111010000000000000001000
0010001111000100000000000000010101111101010000000000000001000111100010000000000000001010111110101000000000000000100
0001000110001000000000000000101010010010101000000000000000100011000100000000000000010101001001010100000000000000010
0000101111010000110000000001010100111001010100000000011000010111101000011000000000101010011100101010000000001100001
1000011001100001111000000010101000010000101010000000111100001100110000111100000001010100001000010101000000011110000
1100110110110011011000000101010000111000010101000000110110011011011001101100000010101000011100001010100000011011001
1100110110110011100000001010110001010100011010100000001110011011011001110000000101011000101010001101010000000111001
1000011001100001111111110101001010101010100101011111111100001100110000111111111010100101010101010010101111111110000
0001001111001000111111111010010010010010010010111111111000100111100100011111111101001001001001001001011111111100010
0011001111001100000001111100010010010010010001111100000001100111100110000000111110001001001001001000111110000000110
0111100110011110000001111100001100010001100001111100000011110011001111000000111110000110001000110000111110000001111
0000110110110000001111111100000000111000000001111111100000011011011000000111111110000000011100000000111111110000001
0000110110110000111111001100000011010110000001100111111000011011011000011111100110000001101011000000110011111100001
1110110110110111110011001100000001010100000001100110011111011011011011111001100110000000101010000000110011001111101
1111100110011111110011001101100000010000001101100110011111110011001111111001100110110000001000000110110011001111111
0111001111001110111110001101110001010100011101100011111011100111100111011111000110111000101010001110110001111101110
1110011001100111111110001110110000111000011011100011111111001100110011111111000111011000011100001101110001111111100
1111011001101111101100000111100000010000001111000001101111101100110111110110000011110000001000000111100000110111110
1011001111001101111100100011000000101000000110001001111101100111100110111110010001100000010100000011000100111110110
1100110110110011111100110000000001101100000000011001111110011011011001111110011000000000110110000000001100111111001
1100110110110011011000111000000000000000000000111000110110011011011001101100011100000000000000000000011100011011001
0001001001001000001111100000000000000000000000001111100000100100100100000111110000000000000000000000000111110000010
0000000000000000000111000000000000000000000000000111000000000000000000000011100000000000000000000000000011100000000
