00001000000000000000000000000000000000001000
01010101011111000001100011000001111101010101
00110110001110000011110111100000111000110110
01110111000100000011110111100000010001110111
10001000100000001101110111011000000010001000
01110111000100011110110110111100010001110111
00110110001010011111010101111100101000110110
01010101011011001111101011111001101101010101
00001000100100100000011100000010010010001000
00000000011011001111101011111001101100000000
00000000001010011111010101111100101000000000
00000000000100011110110110111100010000000000
00000100000000001101110111011000000000010000
00001000000110000011110111100000110000001000
00101000001001000011110111100001001000001010
01001100001001000001101011000001001000011001
01001111100100000000001000000000010011111001
01100111110011000111101011110001100111110011
01110011111000101111010101111010001111100111
00110000001000101000010100001010001000000110
00011111101000100100001000010010001011111100
01110000010111000000001000000001110100000111
00011111101000100000010100000010001011111100
00110000001000010000010100000100001000000110
01110011111000110000100010000110001111100111
01100111110011101000100010001011100111110011
01001111100111001000100010001001110011111001
01001100001110000100011100010000111000011001
00101000010000000010001000100000000100001010
00001000000000111001001001001110000000001000
00000100000001000100101010010001000000010000
00000000000001010100110110010101000000000000
00000000000000100011100011100010000000000000
