001000111001001100111001100100111000100
011001101001100110010011001100101100110
111001100101010011000110010101001100111
000110110001001001101100100100011011000
000101011001000100111001000100110101000
011010101001000010010010000100101010110
111101101001100001000100001100101101111
100110010101010000101000010101010011001
110011101001001000010000100100101110011
001000010101000100010001000101010000100
000000000011000110010011000110000000000
111111111111000101010101000111111111111
010000100000100100111001001000001000010
001000010000010100010001010000010000100
100100001000001101000101100000100001001
110010000111111101101101111111000010011
011001000010000001111100000010000100110
001100100001001110000011100100001001100
100110010000100110101011001000010011001
110011001111110010010010011111100110011
100110010000100110101011001000010011001
001100100001001110000011100100001001100
011001000010000001111100000010000100110
110010000111111101101101111111000010011
100100000000001101000101100000100001001
001000000000010100010001010000010000100
010000000000100100111001001000001000010
111111111111000101010101000111111111111
000000000011000110010011000110000000000
001000010101000100010001000101010000100
110011101001001000010000100100101110011
100110010101010000101000010101010011001
111101101001100001000100001100101101111
011010101001000010010010000100101010110
000101011001000100111001000100110101000
000110110001001001101100100100011011000
111001100101010011000110010101001100111
011001101001100110010011001100101100110
001000111001001100111001100100111000100
