000011110000010000011110000
000101111000010000111101000
000000111100101001111000000
000000011110101011110000000
000000011110101011110000000
000011101101000101101110000
000111110101000101011111000
001111111001000100111111100
010001111101000101111100010
000000111101000101111000000
000000011101000101110000000
000000011101000101110000000
000000011101000101110000000
000000001110111011100000000
001110000111010111000011100
011101000000010000000101110
111000001000101000100000111
110010011100101001110010011
110100110010101010011001011
110101110000101000011101011
110100111001000100111001011
110100011101000101110001011
110010001101000101100010011
011101001100101001100101110
001110101000010000101011100
000111010000010000010111000
000011101000101000101110000
000001110111000111011100000
000000111000101000111000000
000000011111010111110000000
000000001110010011100000000
000000000000010000000000000
000000000000010000000000000
000000000000111000000000000
000000000001111100000000000
000000000011111110000000000
000000000111111111000000000
