111011111000000000000000000000000000000000111110111
101010001000000000000000000000000000000000100010101
111010101000010000110001111100011000010000101010111
000110001000011001100011010110001100110000100011000
111110011000010100110110010011011001010000110011111
100001000000010010011100111001110010010000000100001
101000101000010001001001010100100100010000101000101
100010010000010000100010010010001000010000010010001
111110101010010000010000111000010000010010101011111
000000000110010000001001101100100000010011000000000
000000001110010000000100111001000000010011100000000
000000000001010000000010010010000000010100000000000
000000000000110000000001000100000000011000000000000
001111111111101000000000101000000000101111111111100
000100000000010100000000101000000001010000000001000
000010000000001010000000101000000010100000000010000
000001000000000101000000101000000101000000000100000
000100100000000010100000101000001010000000001001000
001110010000000001010000101000010100000000010011100
001011001000000000101000101000101000000000100110100
000001100100000000010100101001010000000001001100000
000011000010000000001010101010100000000010000110000
000110010001000000000101101101000000000100010011000
001100100100100000000010101010000000001001001001100
001001001110011111111111010111111111110011100100100
001111111011000000000000111000000000000110111111100
001001001110011111111111010111111111110011100100100
001100100100100000000010101010000000001001001001100
000110010001000000000101101101000000000100010011000
000011000010000000001010101010100000000010000110000
000001100100000000010100101001010000000001001100000
001011001000000000101000101000101000000000100110100
001110010000000001010000101000010100000000010011100
000100100000000010100000101000001010000000001001000
000001000000000101000000101000000101000000000100000
000010000000001010000000101000000010100000000010000
000100000000010100000000101000000001010000000001000
001111111111101000000000101000000000101111111111100
000000000000110000000001000100000000011000000000000
000000000001010000000010010010000000010100000000000
000000001110010000000100111001000000010011100000000
000000000110010000001001101100100000010011000000000
111110101010010000010000111000010000010010101011111
100010010000010000100010010010001000010000010010001
101000101000010001001001010100100100010000101000101
100001000000010010011100111001110010010000000100001
111110011000010100110110010011011001010000110011111
000110001000011001100011010110001100110000100011000
111010101000010000110001111100011000010000101010111
101010001000000000000000000000000000000000100010101
111011111000000000000000000000000000000000111110111
