0000010101010101000000000001010000000000111111111100000000010101010101000000000001010000000000111111111100000000010
0000001111111110000000000000100000000101111111111110000000001111111110000000000000100000000101111111111110000000001
0001011111111111000001010101100000000011100111111110000001011111111111000001010101100000000011100111111110000001011
0000111111111111100000111111100000010111011011111111000000111111111111100000111111100000010111011011111111000000111
0001111000000111100101111111100000001111011011110000100001111000000111100101111111100000001111011011110000100001111
0001110111001011110011101111100000101111100111100000000001110111001011110011101111100000101111100111100000000001110
0001111101110101110011110111000000011111111111000101000001111101110101110011110111000000011111111111000101000001111
0001111110010101110111111111100001011111010111000010000001111110010101110111111111100001011111010111000010000001111
0001100011010101111111111000000000111111011011100110000001100011010101111111111000000000111111011011100110000001100
0001000001111011101111100000000001111011001101111110000001000001111011101111100000000001111011001101111110000001000
0001000000111111101111111101000000110110010111111101000001000000111111101111111101000000110110010111111101000001000
0010100001001111101111111110000010101111000111111000000010100001001111101111111110000010101111000111111000000010100
0000000000000000001111111110000001111111001001100100000000000000000000001111111110000001111111001001100100000000000
0000000000101111111101000010000011111110100000000000000000000000101111111101000010000011111110100000000000000000000
0000000000011111111111000101000001101110000000000000000000000000011111111111000101000001101110000000000000000000000
0000000000111111111110000000000001011100000000000000000000000000111111111110000000000001011100000000000000000000000
0000000001011011001111000010000011111010000000000000000000000001011011001111000010000011111010000000000000000000000
0000000000001110000111110111011111110000000000000000000000000000001110000111110111011111110000000000000000000000000
0000000000000111000011110111011111001000000000000000000000000000000111000011110111011111001000000000000000000000000
0000000000001010000001110111011110100000000000000000000000000000001010000001110111011110100000000000000000000000000
0000000000000000000000001101100000000000000000000000000000000000000000000000001101100000000000000000000000000000000
0000000000000000001011110111011100000010100000000000000000000000000000001011110111011100000010100000000000000000000
0000000000000000100111110111011110000111000000000000000000000000000000100111110111011110000111000000000000000000000
0000000000000000011111110111011111000011100000000000000000000000000000011111110111011111000011100000000000000000000
0000000000000010111110000010000111100110110100000000000000000000000010111110000010000111100110110100000000000000000
0000000000000001110100000000000011111111111000000000000000000000000001110100000000000011111111111000000000000000000
0000000000000011101100000101000111111111110000000000000000000000000011101100000101000111111111110000000000000000000
0000000000001011111110000010000101111111101000000000000000000000001011111110000010000101111111101000000000000000000
0001001100100111111100000011111111100000000000000000000001001100100111111100000011111111100000000000000000000001001
0000111111000111101010000011111111101111100100001010000000111111000111101010000011111111101111100100001010000000111
0101111111010011011000000101111111101111111000000100000101111111010011011000000101111111101111111000000100000101111
0011111101100110111100000000001111101110111100000100000011111101100110111100000000001111101110111100000100000011111
0011001110110111111000000000111111111101010110001100000011001110110111111000000000111111111101010110001100000011001
0010000111010111110100001111111111011101010011111100000010000111010111110100001111111111011101010011111100000010000
0101000111111111110000000111011110011101011101111100000101000111111111110000000111011110011101011101111100000101000
0000001111001111101000001111101110011110100111011100000000001111001111101000001111101110011110100111011100000000001
1000011110110111100000001111111101001111000000111100001000011110110111100000001111111101001111000000111100001000011
0111111110110111010000001111111000001111111111111000000111111110110111010000001111111000001111111111111000000111111
0011111111001110000000001101010100000111111111110100000011111111001110000000001101010100000111111111110100000011111
0011111111111101000000001000000000000011111111100000000011111111111101000000001000000000000011111111100000000011111
0001111111111000000000010100000000000101010101010000000001111111111000000000010100000000000101010101010000000001111
