11000011100100111000011
10111001001010010011101
01011100010101000111010
01101110101010101110110
01110001010001010001110
00110010100100101001100
10010101001110010101001
11001010100100101010011
10010100110001100101001
00101000111011100010100
01010111011011011101010
10100011101010111000101
01001001110101110010010
10011100001110000111001
01001001110101110010010
10100011101010111000101
01010111011011011101010
00101000111011100010100
10010100110001100101001
11001010100100101010011
10010101001110010101001
00110010100100101001100
01110001010001010001110
01101110101010101110110
01011100010101000111010
10111001001010010011101
11000011100100111000011
