00111111110110000000001010000000001101111111100
01000000011100011111111111111111000111000000010
10111111001000110001001010010001100010011111101
10101110000001100001001010010000110000001110101
10110100000011001001111011110010011000000101101
10111100000110011100001010000111001100000111101
10110011001100101010001010001010100110011001101
10100011001001110111001010011101110010011000101
10000000101000101010011011001010100010100000001
11000000001000011100110001100111000010000000011
01100011111111001001100000110010011111111000110
11000110001001000011000100011000010010001100011
10001100001001000110001110001100010010000110001
00011001001111111100011011000111111110010011000
00110011100001000000001110000000010000111001100
01100101010001010000000100000001010001010100110
01001110111001001100010101000110010011101110010
01000101010011001100110101100110011001010100010
01000011100110000011110101111000001100111000010
01111001001100000010110101101000000110010011110
01001000011000000111010101011100000011000010010
01001000110001001111110101111110010001100010010
11111111100011100000001010000000111000111111111
01000000000110111111110001111111101100000000010
11111111100011100000001010000000111000111111111
01001000110001001111110101111110010001100010010
01001000011000000111010101011100000011000010010
01111001001100000010110101101000000110010011110
01000011100110000011110101111000001100111000010
01000101010011001100110101100110011001010100010
01001110111001001100010101000110010011101110010
01100101010001010000000100000001010001010100110
00110011100001000000001110000000010000111001100
00011001001111111100011011000111111110010011000
10001100001001000110001110001100010010000110001
11000110001001000011000100011000010010001100011
01100011111111001001100000110010011111111000110
11000000001000011100110001100111000010000000011
10000000101000101010011011001010100010100000001
10100011001001110111001010011101110010011000101
10110011001100101010001010001010100110011001101
10111100000110011100001010000111001100000111101
10110100000011001001111011110010011000000101101
10101110000001100001001010010000110000001110101
10111111001000110001001010010001100010011111101
01000000011100011111111111111111000111000000010
00111111110110000000001010000000001101111111100
