11000000010000001101100000100000110110000001000000011
10110000101111110111000001010000011101111110100001101
01011001010111111010000010001000001011111101010011010
01100010011011111100000100000100000111111011001000110
00100100011101111000001000000010000011110111000100100
00001000011110110000010000000001000001101111000010000
00010000011111010000100000100000100001011111000001000
00100000011111100001000001110000010000111111000000100
01000000001110000010000011011000001000001110000000010
10111111000100000100000101110100000100000100011111101
01011111100000001000001110101110000010000000111111010
01101111110000010000111111011111100001000001111110110
01110111100000100001011111011111010000100000111101110
01111011000001000001101111011110110000010000011011110
01111101000010000011110111011101111000001000010111110
01111110000100000111111011011011111100000100001111110
10111000001000000011111101010111111000000010000011101
11010000010000010001111110101111110001000001000001011
01100000100000111000000001010000000011100000100000110
11000001000011111100000010001000000111111000010000011
10000010000101111100000100000100000111110100001000001
00000100000110111100001000000010000111101100000100000
00001000001111011100010010001001000111011110000010000
00010000011111101100100011011000100110111111000001000
00100000101111110101001101010110010101111110100000100
01000001110111111010000110101100001011111101110000010
10000011011000000100000001110000000100000011011000001
01000001110111111010000110101100001011111101110000010
00100000101111110101001101010110010101111110100000100
00010000011111101100100011011000100110111111000001000
00001000001111011100010010001001000111011110000010000
00000100000110111100001000000010000111101100000100000
10000010000101111100000100000100000111110100001000001
11000001000011111100000010001000000111111000010000011
01100000100000111000000001010000000011100000100000110
11010000010000010001111110101111110001000001000001011
10111000001000000011111101010111111000000010000011101
01111110000100000111111011011011111100000100001111110
01111101000010000011110111011101111000001000010111110
01111011000001000001101111011110110000010000011011110
01110111100000100001011111011111010000100000111101110
01101111110000010000111111011111100001000001111110110
01011111100000001000001110101110000010000000111111010
10111111000100000100000101110100000100000100011111101
01000000001110000010000011011000001000001110000000010
00100000011111100001000001110000010000111111000000100
00010000011111010000100000100000100001011111000001000
00001000011110110000010000000001000001101111000010000
00100100011101111000001000000010000011110111000100100
01100010011011111100000100000100000111111011001000110
01011001010111111010000010001000001011111101010011010
10110000101111110111000001010000011101111110100001101
11000000010000001101100000100000110110000001000000011
