00000101100100010111110001111101000100110100000
00001011001000100010100000101000100010011010000
00011110010001000000110101100000010001001111000
00110000100011111111011111011111111000100001100
01100001000000000000100100100000000000010000110
10100010000000000000101110100000000000001000101
01100101111111111000100100100011111111110100110
11001010000000000100100000100100000000001010011
10010010000110000100100100100100001100001001001
00100010001001000100101010100100010010001000100
01000010010000100100110001100100100001001000010
10000010100000010100100000100101000000101000001
00010010100000010100000100000101000000101001000
00110010010000100100001010000100100001001001100
01010010001001000100010001000100010010001001010
10010010000110000100100100100100001100001001001
00010010000000000101001110010100000000001001000
10010001111111111010011011001011111111110001001
11010000000000000100010101000100000000000001011
10010000000000001000011011000010000000000001001
11101111111100010000110001100001000111111110111
10110000001000100111100000111100100010000001101
00010100010001001101000000010110010001000101000
01111110100010011010000000001011001000101111110
00010100010001001101000000010110010001000101000
10110000001000100111100000111100100010000001101
11101111111100010000110001100001000111111110111
10010000000000001000011011000010000000000001001
11010000000000000100010101000100000000000001011
10010001111111111010011011001011111111110001001
00010010000000000101001110010100000000001001000
10010010000110000100100100100100001100001001001
01010010001001000100010001000100010010001001010
00110010010000100100001010000100100001001001100
00010010100000010100000100000101000000101001000
10000010100000010100100000100101000000101000001
01000010010000100100110001100100100001001000010
00100010001001000100101010100100010010001000100
10010010000110000100100100100100001100001001001
11001010000000000100100000100100000000001010011
01100101111111111000100100100011111111110100110
10100010000000000000101110100000000000001000101
01100001000000000000100100100000000000010000110
00110000100011111111011111011111111000100001100
00011110010001000000110101100000010001001111000
00001011001000100010100000101000100010011010000
00000101100100010111110001111101000100110100000
