1111010000000000000000000000000000000000000000000000000000010111111101000000000000000000000000000000000000000000000
1110101000000000110000000011010010010110000000011000000000101011111010100000000011000000001101001001011000000001100
1001010100000001111000000001101101101100000000111100000001010100100101010000000111100000000110110110110000000011110
1100101010000001101100000100110111011001000001101100000010101001110010101000000110110000010011011101100100000110110
1000010101000000011100000110011010110011000001110000000101010000100001010100000001110000011001101011001100000111000
1100001010101111111000111000011010110000111000111111101010100001110000101010111111100011100001101011000011100011111
1010000101111111110001011000001101100000110100011111111101000010101000010111111111000101100000110110000011010001111
0111000011111100000001101000001101100000101100000001111110000111011100001111110000000110100000110110000010110000000
1010100001111000000001110000011010110000011100000000111100001010101010000111100000000111000001101011000001110000000
0111000011111111110110000000011010110000000011011111111110000111011100001111111111011000000001101011000000001101111
1010000011101111111010000110001101100011000010111111101110000010101000001110111111101000011000110110001100001011111
1100000011001100000100001111000111000111100001000001100110000001110000001100110000010000111100011100011110000100000
1000011011001101110110011101100010001101110011011101100110110000100001101100110111011001110110001000110111001101110
1000111011001101110110011011100010001110110011011101100110111000100011101100110111011001101110001000111011001101110
1000110111001101110110011011000010000110110011011101100111011000100011011100110111011001101100001000011011001101110
1100011110000100000110011000000111000000110011000001000011110001110001111000010000011001100000011100000011001100000
0110001100001011111110111000001010100000111011111110100001100011011000110000101111111011100000101010000011101111111
1011000000001101111111111000011101110000111111111101100000000110101100000000110111111111100001110111000011111111110
1011000001110000000011110000101010101000011110000000011100000110101100000111000000001111000010101010100001111000000
0110000010110000000111111000011101110000111111000000011010000011011000001011000000011111100001110111000011111100000
0110000011010001111111110100001010100001011111111100010110000011011000001101000111111111010000101010000101111111110
1011000011100011111110101010000111000010101011111110001110000110101100001110001111111010101000011100001010101111111
1011001100000111000000010101000010000101010000000111000001100110101100110000011100000001010100001000010101000000011
1101100100000110110000001010100111001010100000011011000001001101110110010000011011000000101010011100101010000001101
0110110000000011110000000101010010010101000000011110000000011011011011000000001111000000010101001001010100000001111
1001011000000001100000000010101111101010000000001100000000110100100101100000000110000000001010111110101000000000110
