1111000000000001111100000000000111111111101111111111000000000001111100000000000111111111101111111111000000000001111
1111100000000000010000000000001111111111101111111111100000000011010110000000001111111111101111111111100000000011010
0001110000100000111000001000011100000000111000000001110000100110010011001000011100000000111000000001110000100110010
0100111001100001111100001100111001000001101100000100111001100110010011001100111001000001101100000100111001100110010
1110011011000000111000000110110011100011010110001110011011000011010110000110110011100011010110001110011011000011010
0111010110000000111000000011010111000110111011000111010110000000111000000011010111000110111011000111010110000000111
0011101100000001101100000001101110001101111101100011101100000001101100000001101110001101111101100011101100000001101
0001011000000011010110000000110100000110111011000001011000000011010110000000110100000110111011000001011000000011010
0000110100000110111011000001011000000011010110000000110100000110111011000001011000000011010110000000110100000110111
0001101110001101111101100011101100000001101100000001101110001101111101100011101100000001101100000001101110001101111
0011010111000110111011000111010110000000111000000011010111000110111011000111010110000000111000000011010111000110111
0110110011100011010110001110011011000111111111000110110011100011010110001110011011000111111111000110110011100011010
1100111001000001101100000100111001101111111111101100111001000001101100000100111001101111111111101100111001000001101
1000011100000000111000000001110000100111111111001000011100000000111000000001110000100111111111001000011100000000111
0000001111111111101111111111100000000011111110000000001111111111101111111111100000000011111110000000001111111111101
0000000111111111000111111111000000000001111100000000000111111111000111111111000000000001111100000000000111111111000
