0011111100001000000010000000100000001000011111100011111100001000000010000000100000001000011111100011111100001000000
0111111110011000000111000001110000001100111111110111111110011000000111000001110000001100111111110111111110011000000
1110000011000100001111100011111000010001100000111110000011000100001111100011111000010001100000111110000011000100001
1000110001100010011001110111001100100011000110001000110001100010011001110111001100100011000110001000110001100010011
1101011000110001110000111110000111000110001101011101011000110001110000111110000111000110001101011101011000110001110
1001001100011000010010011100100100001100011001001001001100011000010010011100100100001100011001001001001100011000010
1100100100001100011001001001001100011000010010011100100100001100011001001001001100011000010010011100100100001100011
1110000111000110001101011101011000110001110000111110000111000110001101011101011000110001110000111110000111000110001
0111001100100011000110001000110001100010011001110111001100100011000110001000110001100010011001110111001100100011000
0011111000010001100000111110000011000100001111100011111000010001100000111110000011000100001111100011111000010001100
0001110000001100111111110111111110011000000111000001110000001100111111110111111110011000000111000001110000001100111
0000100000001000011111100011111100001000000010000000100000001000011111100011111100001000000010000000100000001000011
