0100000100001000010000010000100001000001000010000100000100001000010000010000100001000001000010000100000100001000010
0110001100110110011000110011011001100011001101100110001100110110011000110011011001100011001101100110001100110110011
0101010100011100010101010001110001010101000111000101010100011100010101010001110001010101000111000101010100011100010
1100100111101011110010011110101111001001111010111100100111101011110010011110101111001001111010111100100111101011110
0010101001001001001010100100100100101010010010010010101001001001001010100100100100101010010010010010101001001001001
1001110010011100100111001001110010011100100111001001110010011100100111001001110010011100100111001001110010011100100
0111011101111111011101110111111101110111011111110111011101111111011101110111111101110111011111110111011101111111011
1001110010011100100111001001110010011100100111001001110010011100100111001001110010011100100111001001110010011100100
0010101001001001001010100100100100101010010010010010101001001001001010100100100100101010010010010010101001001001001
1100100111101011110010011110101111001001111010111100100111101011110010011110101111001001111010111100100111101011110
0101010100011100010101010001110001010101000111000101010100011100010101010001110001010101000111000101010100011100010
0110001100110110011000110011011001100011001101100110001100110110011000110011011001100011001101100110001100110110011
0100000100001000010000010000100001000001000010000100000100001000010000010000100001000001000010000100000100001000010
