1000001000001000001000001000001000001000001000001000001000001000001000001000001000001000001000001000001000001000001
1100011100011100011100011100011100011100011100011100011100011100011100011100011100011100011100011100011100011100011
1110111110111110111110111110111110111110111110111110111110111110111110111110111110111110111110111110111110111110111
0111110101110101110101110111010111110111110101110101110101110111010111110111110101110101110101110111010111110111110
0011100011100011100011100011100011100011100011100011100011100011100011100011100011100011100011100011100011100011100
0001000111000111010111010001110001000001000111000111010111010001110001000001000111000111010111010001110001000001000
1000001110001110111110111000111000001000001110001110111110111000111000001000001110001110111110111000111000001000001
1100011100011100011100011100011100011100011100011100011100011100011100011100011100011100011100011100011100011100011
1110111000111000001000001110001110111110111000111000001000001110001110111110111000111000001000001110001110111110111
0101110001110001000001000111000101110101110001110001000001000111000101110101110001110001000001000111000101110101110
0011100011100011100011100011100011100011100011100011100011100011100011100011100011100011100011100011100011100011100
0111010111000001110111000001110111010111010111000001110111000001110111010111010111000001110111000001110111010111010
1110111010001000101110001000111010111110111010001000101110001000111010111110111010001000101110001000111010111110111
1100011100011100011100011100011100011100011100011100011100011100011100011100011100011100011100011100011100011100011
1000101110001110111010111000101110001000101110001110111010111000101110001000101110001110111010111000101110001000101
0001110111000111010111010001110111000001110111000111010111010001110111000001110111000111010111010001110111000001110
0011100011100011100011100011100011100011100011100011100011100011100011100011100011100011100011100011100011100011100
0001110111000101110101110001110111000001110111000101110101110001110111000001110111000101110101110001110111000001110
1000111010001110101110111000111010001000111010001110101110111000111010001000111010001110101110111000111010001000111
1100011100011100011100011100011100011100011100011100011100011100011100011100011100011100011100011100011100011100011
1110101110001000111010001000101110111110101110001000111010001000101110111110101110001000111010001000101110111110101
0101110111000001110111000001110101110101110111000001110111000001110101110101110111000001110111000001110101110101110
0011100011100011100011100011100011100011100011100011100011100011100011100011100011100011100011100011100011100011100
0111010001110001000001000111000111010111010001110001000001000111000111010111010001110001000001000111000111010111010
1110111000111000001000001110001110111110111000111000001000001110001110111110111000111000001000001110001110111110111
1100011100011100011100011100011100011100011100011100011100011100011100011100011100011100011100011100011100011100011
1000001110001110111110111000111000001000001110001110111110111000111000001000001110001110111110111000111000001000001
0001000111000101110101110001110001000001000111000101110101110001110001000001000111000101110101110001110001000001000
0011100011100011100011100011100011100011100011100011100011100011100011100011100011100011100011100011100011100011100
0111110101110111010111010111010111110111110101110111010111010111010111110111110101110111010111010111010111110111110
1110111110111110111110111110111110111110111110111110111110111110111110111110111110111110111110111110111110111110111
1100011100011100011100011100011100011100011100011100011100011100011100011100011100011100011100011100011100011100011
1000001000001000001000001000001000001000001000001000001000001000001000001000001000001000001000001000001000001000001
