11000000000001010000000000011
10111100000010101000000111101
01011110000101010100001111010
01101111001010001010011110110
01110111110100000101111101110
01111000101000000010100011110
00111001011000000011010011100
00011010101100000110101011000
00001101001110001110010110000
00001010001111011110001010000
00010111110111011101111101000
00101001111011011011110010100
01010000111101010111100001010
10100000011110101111000000101
01000000000001110000000000010
10100000011110101111000000101
01010000111101010111100001010
00101001111011011011110010100
00010111110111011101111101000
00001010001111011110001010000
00001101001110001110010110000
00011010101100000110101011000
00111001011000000011010011100
01111000101000000010100011110
01110111110100000101111101110
01101111001010001010011110110
01011110000101010100001111010
10111100000010101000000111101
11000000000001010000000000011
