11001110000011100000111000001110011111111111011111000010101001100000110010101000011
11100111000111010001110100011100111111111110111111100111111100110001100111111100111
11110011101110111011101110111001111111111101111111110011111010011011001011111001111
00111001111100011101000111110011100000000000000000111001110111001110011101110011100
00011100111000001110000011100111000001111011110000011100101110001110001110100111000
10001110010000010111000001001110000010111011101000001110011111110101111111001110001
11000111000000111011100000011100000011011011011000000111001110000100001110011100011
01100011100001110001110000111000000011101010111000000011100111001110011100111000110
00110001110011100000111001110001000011110101111000010001110010000100001001110001100
10110000111001110001110011100010110000001010000001101000111000010101000011100001101
10110000011100111011100111000011000011110101111000011000011100111111100111000001101
10110000001110011111001110000011100011101010111000111000001110011111001110000001101
00110000000111001110011100000111110011011011011001111100000111001110011100000001100
11100000000111000100011100001111111010111011101011111110000111000100011100000000111
11001111000111000000011100011111111001111011110011111111000111000000011100011110011
10011111100111001110011100111001010000000100000001010011100111001110011100111111001
00111111110111011111011101110001010000001110000001010001110111011111011101111111100
00000000110111011111101101100010101000011011000010101000110111011111101101100000000
01111100110111011011110101000011111100110001100111111000010111011011110101100111110
11011110110111010101111000000111111110011011001111111100000111010101111001101111011
11101110110111101110111100001110001111001110011110001110000111101110111101101110111
00110000110011110101011100011100100111100100111100100111000011110101011101100001100
01111111110101111011011100111000110011110101111001100011100101111011011101111111110
11110111110110111111011101110101110001111111110001110101110110111111011101111101111
01100011100111011111011101101101110000111011100001110110110111011111011100111000110
00110111100111001110011101100111011100010001000111011100110111001110011100111101100
00011111000111000000011101111111111110011011001111111111110111000000011100011111000
10001110000111000100011101111111011100011111000111011111110111000100011100001110001
11000100000111001110011100000111100000011011000000111100000111001110011100000100011
11100000001110011111001110001101110000010001000001110110001110011111001110000000111
11000000011100111111100111001101110000011011000001110110011100111011100111000000011
10010000111000010101000011100000110000011111000001100000111001110001110011100001001
00110001110010000100001001110000010000011011000001000001110011100000111001110001100
01100011100111001110011100111000000000010001000000000011100001110001110000111000110
11000111001110000100001110011100000000011011000000000111000000111011100000011100011
10001110011111110101111111001110000000001110000000001110010000011101000001001110001
00011100101110001110001110100111000000000100000000011100111000001110000011100111000
00111001110111001110011101110011100000000000000000111001111100010111000111110011100
11110011111010011011001011111001111111110111111111110011101110111011101110111001111
11100111111100110001100111111100111111101111111111100111000101110001011100011100111
11000010101001100000110010101000011111011111111111001110000011100000111000001110011
00010000100011000000011000100001000000111100000000011101000111010001110100010111000
00111000100110000000001100100011100001111011110000111011101110111011101110111011100
01110010011100000000000111001001110011110101111001110001110100011101000111010001110
11111111111000000000000011111111111011101110111011100000111000001110000011100000111
01110010011100000000000111001001110011110101111001110001011100010111000101110001110
00111000100110000000001100100011100001111011110000111011101110111011101110111011100
00010000100011000000011000100001000000000111100000011101000101110001011100010111000
11000010101001100000110010101000011111111111011111001110000011100000111000001110011
11100111111100110001100111111100111111111110111111100111000111010001110100011100111
11110011111010011011001011111001111111111101111111110011101110111011101110111001111
00111001110111001110011101110011100000000000000000111001111100011101000111110011100
00011100101110001110001110100111000111111011111100011100111000001110000011100111000
00001110011111110101111111001110001100111111100110001110010000010111000001001110000
00000111001110000100001110011100011000011011000011000111000000111011100000011100000
00000011100111001110011100111000110011010001011001100011100001110001110000111000000
00010001110010000100001001110001100111111011111100110001110011100000111001110001000
01101000111000010101000011100001101111011111011110110000111001110001110011100010110
00011000011100111111100111000001101110010101001110110000011100111011100111000011000
00111000001110011111001110000001101100110101100110110000001110011111001110000011100
01111100000111001110011100000001100111111111111100110000000111001110011100000111110
11111110000111000100011100000000110011111011111001100000000111000100011100001111111
11111111000111000000011100011110011001110001110011001111000111000000011100011111111
01010011100111001110011100111111001100111011100110011111100111001110011100111001010
01010001110111011111011101111111100110011111001100111111110111011111011101110001010
10101000110111011111101101100000000011001110011000000000110111011111101101100010101
11111000010111011011110101100111110001100100110001111100110111011011110101000011111
11111100000111010101111001101111011000110001100011011110110111010101111000000111111
10001110000111101110111101101110111111011011011111101110110111101110111100001110001
00100111000011110101011101100001100010101110101000110000110011110101011100011100100
01100011100101111011011101111111110101101110110101111111110101111011011100111000110
01110101110110111111011101111101111011101110111011110111110110111111011101110101110
01110110110111011111011100111000110001101110110001100011100111011111011101101101110
11011100110111001110011100111101100000101110100000110111100111001110011101100111011
11111111110111000000011100011111000100101110100100011111000111000000011101111111111
11011111110111000100011100001110001111101110111110001110000111000100011101111111011
00111100000111001110011100000100011100101110100111000100000111001110011100000111100
01110110001110011111001110000000001100101110100110000000001110011111001110001101110
01110110011100111011100111000000100101101110110100100000011100111111100111001101110
01100000111001110001110011100000110010101110101001100000111000010101000011100000110
01000001110011100000111001110000011001101110110011000001110010000100001001110000010
00000011100001110001110000111000001111011011011110000011100111001110011100111000000
00000111000000111011100000011100000100110001100100000111001110000100001110011100000
00001110010000011101000001001110000001111011110000001110011111110101111111001110000
00011100111000001110000011100111000011111111111000011100101110001110001110100111000
00111001111100010111000111110011100000000000000000111001110111001110011101110011100
11110011101110111011101110111001111111110111111111110011111010011011001011111001111
11100111000101110001011100011100111111101111111111100111111100110001100111111100111
11001110000011100000111000001110011111011111111111000010101001100000110010101000011
