00000000001100000000000000000000000000000000000000000000000000
00000000001000000110100000010000000000000000000000000000000000
00000000001000001111011110010000000000000000000000000000000000
00000000000100010000000000100000000000000000000000000000000000
00000000000010111110000100101110000000000000000000000000000000
00000011111111000001100100101111100000000000000000000000000000
00001100000000000000010011001011110000000000000000000000000000
00010000000000000000010000110101110000000000000000000000000000
00010100000000000000100011111011111000000000000000000000000000
00010011000000000001010100001111111100000000000000000000000000
00000000111000000110100100011111111011000000000000000000000000
00000000000100001001010100001111111101000000000000000000000000
10000000011001110001101000010111011011000000000000000000000000
01100000000110000000000100010000011000000000000000000000000000
00011100011000000000000100001000000000000000000000000000000000
00000011100000000000000100000100000000000000000000000000000000
00011100000000000000000010000010000000000000000000000000000000
00100000000000000000000010000001000000000000000000000000000000
00000000000000000000000001001000100000000000000000000000000000
00000000000000000000000001010100100000000000000000000000000000
00000000001111100011110011001000010000000000000000000000000000
00000000011000011100001110000000010000000000000000000000000000
00000001100010000000000000000010010000000000000000000000000000
00000010000101000000001000000101010000000000000000000000000000
00000100000010000010010100000010010000000000000000000000000000
00000100100000000101001000000000100000000000000000000000000000
00001001010001000010000001111000100000000000000000000000000000
00001000100010100000000010001001000000000000000000000000000000
00001000000010011000000101110101000000000000000000000000000000
00001000000001100100000101001010000000000000000000000000000000
00001000010000011011000101001010111111111111111111100000000000
00001100101000000101000010101011000000000000000000010000000000
00001010010000000101111110100110111111111100000000010000000000
00000001000010000100000000100000000000000010000000011000000000
00000001000101000101111000111111111111111101100000000111000011
00000001000010000101111110000000000000000010011000000000111010
00000001000000000100001111110000000000000000000110000000000100
00000000111000001000000011111000000000000000000110000000011010
00000000001000010000000010111100000000000000000001100000001000
00000000001111001111000000011000000000000000000001100000000000
00000000000000111111111111000000000000000000000010011000000000
00000000000000000111111111111000000000000000000100000100000000
00000000000000000000000100110000000000000000000110011000000000
00000000000000000000000000000000000000000000000000001000000000
