1111001111111111000001111111000001111
0000100110011100100010011100100010000
0010010000110110010100110110010100100
0111001001110111001001110111001001110
0110000100100010010100100010010100110
1100110010000000100010000000100010011
1111111001111111000001111111000001111
1100110010000000100010000000100010011
0110000100100010010100100010010100110
0111001001110111001001110111001001110
0010010000110110010100110110010100100
0000100110011100100010011100100010000
1111001111111111000001111111000001111
0000100110011100100010011100100010000
0010010000110110010100110110010100100
0111001001110111001001110111001001110
0110000100100010010100100010010100110
1100110010000000100010000000100010011
1111111001111111000001111111000001111
1100110010000000100010000000100010011
0110000100100010010100100010010100110
0111001001110111001001110111001001110
0010010000110110010100110110010100100
0000100110011100100010011100100010000
1111001111111111000001111111000001111
0000100110011100100010011100100010000
0010010000110110010100110110010100100
0111001001110111001001110111001001110
0110000100100010010100100010010100110
1100110010000000100010000000100010011
1111111001111111000001111111000001111
1100110010000000100010000000100010011
0110000100100010010100100010010100110
0111001001110111001001110111001001110
0010010000110110010100110110010100100
0000100110011100100010011100100010000
1111001111111111000001111111000001111
