0000000001101011000000000000000000011010110000000000000000000110101100000000000000000001101011000000000000000000011
0000000101010101010000000000000001010101010100000000000000010101010101000000000000000101010101010000000000000001010
0000001000110110001000000000000010001101100010000000000000100011011000100000000000001000110110001000000000000010001
0010101001001001001010100000101010010010010010101000001010100100100100101010000010101001001001001010100000101010010
0001101000110110001011000000011010001101100010110000000110100011011000101100000001101000110110001011000000011010001
0011101001010101001011100000111010010101010010111000001110100101010100101110000011101001010101001011100000111010010
0000011001101011001100000000000110011010110011000000000001100110101100110000000000011001101011001100000000000110011
0111111000001000001111110001111110000010000011111100011111100000100000111111000111111000001000001111110001111110000
1000000110001000110000001010000001100010001100000010100000011000100011000000101000000110001000110000001010000001100
0010100001110111000010100000101000011101110000101000001010000111011100001010000010100001110111000010100000101000011
0001001100101010011001000000010011001010100110010000000100110010101001100100000001001100101010011001000000010011001
0010101000001000001010100000101010000010000010101000001010100000100000101010000010101000001000001010100000101010000
0000011000010100001100000000000110000101000011000000000001100001010000110000000000011000010100001100000000000110000
0001111000100010001111000000011110001000100011110000000111100010001000111100000001111000100010001111000000011110001
0001000101000001010001000000010001010000010100010000000100010100000101000100000001000101000001010001000000010001010
0000001011000001101000000000000010110000011010000000000000101100000110100000000000001011000001101000000000000010110
0000000000100010000000000000000000001000100000000000000000000010001000000000000000000000100010000000000000000000001
0000001000010100001000000000000010000101000010000000000000100001010000100000000000001000010100001000000000000010000
0000000111101011110000000000000001111010111100000000000000011110101111000000000000000111101011110000000000000001111
