0010011111000000011111110000000000000000000000000000000001111111000000011111001000100111110000000111111100000000000
0100110001111000111111000000000100000000100000000100000000011111100011110001100101001100011110001111110000000001000
1001101000001110111110000000001110001001010010001110000000001111101110000010110010011010000011101111100000000011100
1011001110001011001100000000000111001100100110011100000000000110011010001110011010110011100010110011000000000001110
1101001110000101100000000000000011101110101110111000000000000000110100001110010111010011100001011000000000000000111
1110011110000100110000000011110001110101110101110001111000000001100100001111001111100111100001001100000000111100011
1101001110001110010000000000111101111011011011110111100000000001001110001110010111010011100011100100000000001111011
1000110110011111011000011100011110110111011101101111000111000011011111001101100010001101100111110110000111000111101
1000000011011111001000111110001111010111011101011110001111100010011111011000000010000000110111110010001111100011110
1000000000011111001101111111100111100111011100111100111111110110011111000000000010000000000111110011011111111001111
1000000000011110000110111111000011111011111011111000011111101100001111000000000010000000000111100001101111110000111
0111111100011100000110111110000001111100100111110000001111101100000111000111111101111111000111000001101111100000011
1111111110110000011010011100000001111111111111110000000111001011000001101111111111111111101100000110100111000000011
1000111111000000111011000000000000111111011111100000000000011011100000011111100010001111110000001110110000000000001
1110011111100001111001000000000000001110101110000000000000010011110000111111001111100111111000011110010000000000000
0111001111100001110001000000111110000000100000001111100000010001110000111110011101110011111000011100010000001111100
0111010111110111100001100001111100001100100110000111110000110000111101111101011101110101111101111000011000011111000
0111011011110000000000100011111100010010101001000111111000100000000001111011011101110110111100000000001000111111000
0110111101111000001110110011111000001001110010000011111001101110000011110111101101101111011110000011101100111110000
0110111110111100011111011011110000100011111000100001111011011111000111101111101101101111101111000111110110111100001
1101011110001110111111001100100001100001110000110000100110011111101110001111010111010111100011101111110011001000011
1101101110000000111111000100000111100011111000111100000100011111100000001110110111011011100000001111110001000001111
1011110111000000111110000110001111000000100000011110001100001111100000011101111010111101110000001111100001100011110
1001111011100011111100000011000110000000100000001100011000000111111000111011110010011110111000111111000000110001100
1000100001000000000000000000111000011001010011000011100000000000000000010000100010001000010000000000000000001110000
