0000000111000000000000000000000000011100000000000001110000000000000000000000000111000000000000011100000000000000000
1000001110001000101000000010100010001110000010000011100010001010000000101000100011100000100000111000100010100000001
1100011100111100010000000001000111100111000111000111001111000100000000010001111001110001110001110011110001000000000
1000111001110100111000000011100101110011100010001110011101001110000000111001011100111000100011100111010011100000001
1001110000011100101110001110100111000001110010011100000111001011100011101001110000011100100111000001110010111000111
1011100000010100101000000010100101000000111010111000000101001010000000101001010000001110101110000001010010100000001
0111000101100111101000000010111100110100011101110001011001111010000000101111001101000111011100010110011110100000001
0000011111000000010110001101000000011111000000000111110000000101100011010000000111110000000001111100000001011000110
0111000100100000111001010011100000100100011101110001001000001110010100111000001001000111011100010010000011100101001
1011100001110010111001010011101001110000111010111000011100101110010100111010011100001110101110000111001011100101001
1101110011100010000001010000001000111001110111011100111000100000010100000010001110011101110111001110001000000101000
1000111000000010111110001111101000000011100010001110000000101111100011111010000000111000100011100000001011111000111
1000011100000101000100000100010100000111000010000111000001010001000001000101000001110000100001110000010100010000010
1100001110011111000100000100011111001110000111000011100111110001000001000111110011100001110000111001111100010000010
0110000000110001000100000100010001100000001101100000001100010001000001000100011000000011011000000011000100010000010
0011000001100010101010001010101000110000011000110000011000101010100010101010001100000110001100000110001010101000101
0001100000000000000000000000000000000000110000011000000000000000000000000000000000001100000110000000000000000000000
0000111111111111111111111111111111111111100000001111111111111111111111111111111111111000000011111111111111111111111
