00110111000000010100000001110110001101110000000101000000011101100
00011100000011101011100000011100000111000000111010111000000111000
10000001000111010101110001000000100000010001110101011100010000001
11011110101110110110111010111101110111101011101101101110101111011
01010001010001110111000101000101010100010100011101110001010001010
11010000101001100011001010000101110100001010011000110010100001011
10010000010101000001010100000100100100000101010000010101000001001
10101000001010000000101000001010101010000010100000001010000010101
00010100000100000000010000010100000101000001000000000100000101000
00001010000100000000010000101000000010100001000000000100001010000
00010101000100000000010001010100000101010001000000000100010101000
00110010111100000000011110100110001100101111000000000111101001100
01110001000011111111100001000111011100010000111111111000010001110
01101110000010010100100000111011011011100000100101001000001110110
01011100000010110110100000011101010111000000101101101000000111010
10111000000011110111100000001110101110000000111101111000000011101
01000000000010001000100000000001010000000000100010001000000000010
10111000000011110111100000001110101110000000111101111000000011101
01011100000010110110100000011101010111000000101101101000000111010
01101110000010010100100000111011011011100000100101001000001110110
01110001000011111111100001000111011100010000111111111000010001110
00110010111100000000011110100110001100101111000000000111101001100
00010101000100000000010001010100000101010001000000000100010101000
00001010000100000000010000101000000010100001000000000100001010000
00010100000100000000010000010100000101000001000000000100000101000
10101000001010000000101000001010101010000010100000001010000010101
10010000010101000001010100000100100100000101010000010101000001001
11010000101001100011001010000101110100001010011000110010100001011
01010001010001110111000101000101010100010100011101110001010001010
11011110101110110110111010111101110111101011101101101110101111011
10000001000111010101110001000000100000010001110101011100010000001
00011100000011101011100000011100000111000000111010111000000111000
00110111000000010100000001110110001101110000000101000000011101100
00011100000011101011100000011100000111000000111010111000000111000
10000001000111010101110001000000100000010001110101011100010000001
11011110101110110110111010111101110111101011101101101110101111011
01010001010001110111000101000101010100010100011101110001010001010
11010000101001100011001010000101110100001010011000110010100001011
10010000010101000001010100000100100100000101010000010101000001001
10101000001010000000101000001010101010000010100000001010000010101
00010100000100000000010000010100000101000001000000000100000101000
00001010000100000000010000101000000010100001000000000100001010000
00010101000100000000010001010100000101010001000000000100010101000
00110010111100000000011110100110001100101111000000000111101001100
01110001000011111111100001000111011100010000111111111000010001110
01101110000010010100100000111011011011100000100101001000001110110
01011100000010110110100000011101010111000000101101101000000111010
10111000000011110111100000001110101110000000111101111000000011101
01000000000010001000100000000001010000000000100010001000000000010
10111000000011110111100000001110101110000000111101111000000011101
01011100000010110110100000011101010111000000101101101000000111010
01101110000010010100100000111011011011100000100101001000001110110
01110001000011111111100001000111011100010000111111111000010001110
00110010111100000000011110100110001100101111000000000111101001100
00010101000100000000010001010100000101010001000000000100010101000
00001010000100000000010000101000000010100001000000000100001010000
00010100000100000000010000010100000101000001000000000100000101000
10101000001010000000101000001010101010000010100000001010000010101
10010000010101000001010100000100100100000101010000010101000001001
11010000101001100011001010000101110100001010011000110010100001011
01010001010001110111000101000101010100010100011101110001010001010
11011110101110110110111010111101110111101011101101101110101111011
10000001000111010101110001000000100000010001110101011100010000001
00011100000011101011100000011100000111000000111010111000000111000
00110111000000010100000001110110001101110000000101000000011101100
