0001111000001111000000001100011000000001111000001111000001111000001111000000001100011000000001111000001111000001111
0010000100010000100000010010100100000010000100010000100010000100010000100000010010100100000010000100010000100010000
0100000010100111010000010001000100000101110010100000010100000010100111010000010001000100000101110010100000010100000
1000110001001001010001110001000111000101001001000110001000110001001001010001110001000111000101001001000110001000110
0001001000001001010010001001001000100101001000001001000001001000001001010010001001001000100101001000001001000001001
0011000100001010010010000101010000100100101000010001100011000100001010010010000101010000100100101000010001100011000
0100100010001001100001000010100001000011001000100010010100100010001001100001000010100001000011001000100010010100100
1000100001000100000000111100011110000000010001000010001000100001000100000000111100011110000000010001000010001000100
1000111000100010000001000010100001000000100010001110001000111000100010000001000010100001000000100010001110001000111
1001000100010001000010000101010000100001000100010001001001000100010001000010000101010000100001000100010001001001000
1010000100001000100010001001001000100010001000010000101010000100001000100010001001001000100010001000010000101010000
0100001000000100010001110001000111000100010000001000010100001000000100010001110001000111000100010000001000010100001
0011110000000010001000010001000100001000100000000111100011110000000010001000010001000100001000100000000111100011110
0100001000011001000100010010100100010001001100001000010100001000011001000100010010100100010001001100001000010100001
1010000100100101000010001100011000100001010010010000101010000100100101000010001100011000100001010010010000101010000
1001000100101001000001001000001001000001001010010001001001000100101001000001001000001001000001001010010001001001000
1000111000101001001000110001000110001001001010001110001000111000101001001000110001000110001001001010001110001000111
1000100000100110010100000010100000010100110010000010001000100000100110010100000010100000010100110010000010001000100
0100100000010000100010000100010000100010000100000010010100100000010000100010000100010000100010000100000010010100100
0011000000001111000001111000001111000001111000000001100011000000001111000001111000001111000001111000000001100011000
