1101100011000000011000110111011000110000000110001101110110001100000001100011011101100011000000011000110111011000110
0010110110110001101101101000101101101100011011011010001011011011000110110110100010110110110001101101101000101101101
1101011100001010000111010111010111000010100001110101110101110000101000011101011101011100001010000111010111010111000
1110101001101010110010101111101010011010101100101011111010100110101011001010111110101001101010110010101111101010011
1111010011111011111001011111110100111110111110010111111101001111101111100101111111010011111011111001011111110100111
1111101011111011111010111111111010111110111110101111111110101111101111101011111111101011111011111010111111111010111
0000010101110001110101000000000101011100011101010000000001010111000111010100000000010101110001110101000000000101011
1111011010100100101011011111110110101001001010110111111101101010010010101101111111011010100100101011011111110110101
0011011101001110010111011000110111010011100101110110001101110100111001011101100011011101001110010111011000110111010
1101000010100100101000010111010000101001001010000101110100001010010010100001011101000010100100101000010111010000101
0010111011010001011011101000101110110100010110111010001011101101000101101110100010111011010001011011101000101110110
1001011011101110111011010010010110111011101110110100100101101110111011101101001001011011101110111011010010010110111
1100101000010001000010100111001010000100010000101001110010100001000100001010011100101000010001000010100111001010000
1001010111011011011101010010010101110110110111010100100101011101101101110101001001010111011011011101010010010101110
0011101011011111011010111000111010110111110110101110001110101101111101101011100011101011011111011010111000111010110
0111110101000000010101111101111101010000000101011111011111010100000001010111110111110101000000010101111101111101010
0111110010111111101001111101111100101111111010011111011111001011111110100111110111110010111111101001111101111100101
0101100101011111010100110101011001010111110101001101010110010101111101010011010101100101011111010100110101011001010
0100001110101110101110000101000011101011101011100001010000111010111010111000010100001110101110101110000101000011101
0011011011010001011011011000110110110100010110110110001101101101000101101101100011011011010001011011011000110110110
0000110001101110110001100000001100011011101100011000000011000110111011000110000000110001101110110001100000001100011
