101011000000000000000000101000000000000000000110101
011010000000000001000101000101000100000000000010110
111010110000000011100110101011001110000000011010111
000110100000000001110111010111011100000000001011000
111110101101111000111010111010111000111101101011111
100001101000011110111101101101111011110000101100001
001111101011001101011011101110110101100110101111100
001000011010000110101011101110101011000010110000100
000011111010110011010011101110010110011010111110000
000010000110100001001101111101100100001011000010000
000000111110100001100110010011001100001011111000000
000000100001100000110001111100011000001100001000000
000000001111100000011111101111110000001111100000000
000000001000010000001110010011100000010000100000000
000000000000001000000000010000000000100000000000000
000000000000000100000100010001000001000000000000000
000000010000000010001110010011100010000000010000000
000000011000111001000111010111000100111000110000000
000000011100110000100011101110001000011001110000000
000010011110100000010101010101010000001011110010000
000001101101110000001110111011100000011101101100000
000001110101111000000101010101000000111101011100000
011110111001111100000011101110000001111100111011110
001111010110011110000111010111000011110011010111100
000111101011001111001110010011100111100110101111000
000010001101110111100100010001001111011101100010000
000001110110011011110000010000011110110011011100000
001111110010011101110001010100011101110010011111100
001101111011100101110001101100011101001110111101100
001000111101100110110110101011011011001101111000100
000000011110111010110011010110011010111011110000000
000000001111001110100000101000001011100111100000000
000000000111110001000011010110000100011111000000000
000000000011111110100110101011001011111110000000000
000000000001111100010001101100010001111100000000000
000000000000000000001001010100100000000000000000000
000010000010000000000100010001000000000010000010000
000011000110000000000010010010000000000011000110000
000011101110000000100001010100001000000011101110000
000011101110000000110000111000011000000011101110000
111101101101111000101000010000101000111101101101111
011110101011110000100100010001001000011110101011110
001111010111100000100010010010001000001111010111100
000000111000000000100010010010001000000000111000000
001111010111100000010010010010010000001111010111100
011110101011110000001010010010100000011110101011110
111101101101111000000110010011000000111101101101111
000011101110000100000010101010000001000011101110000
000011101110000010000001000100000010000011101110000
000011000110000001000000101000000100000011000110000
000010000010000000100000010000001000000010000010000
000000000000000000010000010000010000000000000000000
000000001111111000001000111000100000111111100000000
000000010000000100000101101101000001000000010000000
000000101111111010000011010110000010111111101000000
000001010000001011000110111011000110100000010100000
000010100000001011001101101101100110100000001010000
000101000000110010000110111011000010011000000101000
000101000001000100000011010110000001000100000101000
000101000000111001111000101000111100111000000101000
000101110000000011111111101111111110000000011101000
000100011100000110001001000100100011000001110001000
000011100110001101110110101011011101100011001110000
000000011011001101101101010101101101100110110000000
000000000101101101101101101101101101101101000000000
000000000010101101101100111001101101101010000000000
000000001101101101101101010101101101101101100000000
000000011110110101101101010101101101011011110000000
000000110010110101110100101001011101011010011000000
000000110000110110111010111010111011011000011000000
000000011111100010111011010110111010001111110000000
000000001111000011011101101101110110000111100000000
000000000000000001101110111011101100000000000000000
000001010000000000110011010110011000000000001010000
000010101000000000011100101001110000000000010100000
001010101010000000000111010111000000000001010100000
010110101101000000000001111100000000000010110100000
100010101000100000000000111000000000000100011010000
010110101101000000111111010111111000000010110100000
001010101010000011101110111011101110000001010100000
100010101000100011010101010101010110000000010100000
111110101111100110111011101110111011000000001010000
000000000000001111111111111111111111100000000000000
