0001000001000001000001000001000001000001000001000001000001000001000001000001000001000001000001000001000001000001000
0011100011100011100011100011100011100011100011100011100011100011100011100011100011100011100011100011100011100011100
0111110111110111110111110111110111110111110111110111110111110111110111110111110111110111110111110111110111110111110
1110111110111110111110111110111110111110111110111110111110111110111110111110111110111110111110111110111110111110111
1100011100011100011100011100011100011100011100011100011100011100011100011100011100011100011100011100011100011100011
1000001110111000001000001110111000001000001110111000001000001110111000001000001110111000001000001110111000001000001
0001000111110001000001000111110001000001000111110001000001000111110001000001000111110001000001000111110001000001000
0011100011100011100011100011100011100011100011100011100011100011100011100011100011100011100011100011100011100011100
0001110001110111000001110111000111000001110001110111000001110111000111000001110001110111000001110111000111000001110
1000111000111110001000111110001110001000111000111110001000111110001110001000111000111110001000111110001110001000111
1100011100011100011100011100011100011100011100011100011100011100011100011100011100011100011100011100011100011100011
1000111110001110001000111000111110001000111110001110001000111000111110001000111110001110001000111000111110001000111
0001110111000111000001110001110111000001110111000111000001110001110111000001110111000111000001110001110111000001110
0011100011100011100011100011100011100011100011100011100011100011100011100011100011100011100011100011100011100011100
0001000111110001000001000111110001000001000111110001000001000111110001000001000111110001000001000111110001000001000
1000001110111000001000001110111000001000001110111000001000001110111000001000001110111000001000001110111000001000001
1100011100011100011100011100011100011100011100011100011100011100011100011100011100011100011100011100011100011100011
1110111110111110111110111110111110111110111110111110111110111110111110111110111110111110111110111110111110111110111
0111110111110111110111110111110111110111110111110111110111110111110111110111110111110111110111110111110111110111110
0011100011100011100011100011100011100011100011100011100011100011100011100011100011100011100011100011100011100011100
0001000001000001000001000001000001000001000001000001000001000001000001000001000001000001000001000001000001000001000
