000101010000000000000010101000
001110111000001100000111011100
010111110100011110001011111010
111011101110011110011101110111
011101011100011110001110101110
101110111010110011010111011101
011101011100100001001110101110
111011101110100001011101110111
010111110100110011001011111010
001110111010111111010111011100
000101010111011110111010101000
000000000010101101010000000000
000001111101110011101111100000
001111001110101101011100111100
011110000111010010111000011110
011110000111010010111000011110
001111001110101101011100111100
000001111101110011101111100000
000000000010101101010000000000
000101010111011110111010101000
001110111010111111010111011100
010111110100110011001011111010
111011101110100001011101110111
011101011100100001001110101110
101110111010110011010111011101
011101011100011110001110101110
111011101110011110011101110111
010111110100011110001011111010
001110111000001100000111011100
000101010000000000000010101000
