0000010000001111011110000001000001000001000000111101111000000100000100000100000011110111100000010000010000010000001
1000111000011000100011000011100010100011100001100010001100001110001010001110000110001000110000111000101000111000011
0101100100110000100001100100110100010110010011000010000110010011010001011001001100001000011001001101000101100100110
1001101001100001010000110010110010100110100110000101000011001011001010011010011000010100001100101100101001101001100
0001100011000110101100011000110001000110001100011010110001100011000100011000110001101011000110001100010001100011000
1001000110001001010010001100010010100100011000100101001000110001001010010001100010010100100011000100101001000110001
0110001100011000100011000110001101011000110001100010001100011000110101100011000110001000110001100011010110001100011
1000011001011001010011010011000010100001100101100101001101001100001010000110010110010100110100110000101000011001011
0000110010011010001011001001100001000011001001101000101100100110000100001100100110100010110010011000010000110010011
0001100001110001010001110000110001000110000111000101000111000011000100011000011100010100011100001100010001100001110
1111000000100000100000100000011110111100000010000010000010000001111011110000001000001000001000000111101111000000100
