0100001010011100000111111100000111001010000101000010100111000001111111000001110010100001010000101001110000011111110
0110001100001110001111111110001110000110001101100011000011100011111111100011100001100011011000110000111000111111111
1000001110000111011101110111011100001110000010000011100001110111011101110111000011100000100000111000011101110111011
0110010000010000111000100011100001000001001101100100000100001110001000111000010000010011011001000001000011100010001
0100100010101001110001110001110010101000100101001000101010011100011100011100101010001001010010001010100111000111000
1001000110100011100101010100111000101100010010010001101000111001010101001110001011000100100100011010001110010101010
1010001110100111001010001010011100101110001010100011101001110010100010100111001011100010101000111010011100101000101
1111111101001110010111011101001110010111111111111111010011100101110111010011100101111111111111110100111001011101110
1111111010011100101100100110100111001011111111111110100111001011001001101001110010111111111111101001110010110010011
1011110100111001011110101111010011100101111010111101001110010111101011110100111001011110101111010011100101111010111
1001101001110010111111111111101001110010110010011010011100101111111111111010011100101100100110100111001011111111111
0111010011100101111111111111110100111001011101110100111001011111111111111101001110010111011101001110010111111111111
0010100111001011100010101000111010011100101000101001110010111000101010001110100111001010001010011100101110001010100
0101001110001011000100100100011010001110010101010011100010110001001001000110100011100101010100111000101100010010010
1100011100101010001001010010001010100111000111000111001010100010010100100010101001110001110001110010101000100101001
1000111000010000010011011001000001000011100010001110000100000100110110010000010000111000100011100001000001001101100
1101110111000011100000100000111000011101110111011101110000111000001000001110000111011101110111011100001110000010000
1111100011100001100011011000110000111000111111111000111000011000110110001100001110001111111110001110000110001101100
1111000001110010100001010000101001110000011111110000011100101000010100001010011100000111111100000111001010000101000
