00000001010101010100000100000
00000011111111111111111100000
00000000000000000111100000000
00000011111111111110111100000
00000001010101010111100100000
00000000000000000111100000000
10000000000000000111100000000
10000000000000000111100000000
10000000000000001111110000000
01111000000001110101101000000
10111111100010001010011000000
00111111111110010100100100000
00111100000010001001110010000
01111111100110001111111110000
01111111111111111111111111110
01111111111111111111111000011
11111111111111111111111000011
11111111111111111100110000110
00101110000000000000010001100
00101110000000000000010000100
00100110000000000000010000100
00110010000000000000010000100
01011010000000000000011000110
01010011000000000000101101001
00000101100000000000101001001
