0000000000000000000000000000000000010100000000000000000000000000000000000
0000000000000000000000000000000000101010000000000000000000000000000000000
0000000000000000000000000000000011001001100000000000000000000000000000000
0000000000000000000000000000000100101010010000000000000000000000000000000
0000000001100000000000000000000101010101010000000000000000000011000000000
0000000010000000000000000000000100101010010000000000000000000000100000000
0000000010000000000000000000000011001001100000000000000000000000100000000
0000000010000011101110000000000000101010000000000000111011100000100000000
0000000010000100101001000000000000010100000000000001001010010000100000000
0000000010000100101001000000000000001000000000000001001010010000100000000
0000000010000010101010000000000000001000000000000000101010100000100000000
0000000010001101101101100000000110110110110000000011011011011000100000000
0000000010011000010000110000001001001001001000000110000100001100100000000
0000000010001101111101100000001000010100001000000011011111011000100000000
0000000010000010000010000000110000001000000110000000100000100000100000000
0000000010000001000100000001001100010100011001000000010001000000100000000
0000000100000001101100000001000010110110100001000000011011000000010000000
0000111011100001010100000010100001000001000010100000010101000011101110000
0001000100010000101000000001000010110110100001000000001010000100010001000
0110110001101100010000000001001100010100011001000000000100011011000110110
1001001010010010011111000000110000001000000110000001111100100100101001001
1001000100010010011110100000001000010100001000000010111100100100010001001
0110101010101101000001010000001001001001001000000101000001011010101010110
1001000100010010000000101000000110110110110000001010000000100100010001001
1001001010010010000000010100000000001000000000010100000000100100101001001
0110110001101100000000001010000000101010000000101000000000011011000110110
0001000100010000000000000101000011011101100001010000000000000100010001000
0000111011100000000000000010100100001000010010100000000000000011101110000
0000000100000000000000000001010100001000010101000000000000000000010000000
0000000000000000000000000000101011011101101010000000000000000000000000000
0000000000000011111111111100010100101010010100011111111111100000000000000
0000000000000100000000000010001010010100101000100000000000010000000000000
0000000011001010011000000010000101010101010000100000001100101001100000000
0000000100110101100100000010000010110110100000100000010011010110010000000
0000001000001010000010000010000001010101000000100000100000101000001000000
0000001000000100000010000010000010110110100000100000100000010000001000000
0000110110100000101101100010000101010101010000100011011010000010110110000
0001000001011011010000010010001010010100101000100100000101101101000001000
0000110110100100101101100010010100010100010100100011011010010010110110000
0000001000000100000010000010010100010100010100100000100000010000001000000
0000001000001010000010000001001010010100101001000000100000101000001000000
0000000100110101100100000000100101010101010010000000010011010110010000000
0000000011001010011000000000010010110110100100000000001100101001100000000
0000000000000100000000000000001001010101001000000000000000010000000000000
0000000000000000000000000000000100110110010000000000000000000000000000000
0000000000000011111111111111100100010100010011111111111111100000000000000
0000000000000100000000000000010100110110010100000000000000010000000000000
0000000000011011000000000000010101010101010100000000000001101100000000000
0000000001100100110000000000010011010101100100000000000110010011000000000
0000000010011011001000000000010001110111000100000000001001101100100000000
0000000001100100110000000000010001010101000100000000000110010011000000000
0000000000011011000000000000010010110110100100000000000001101100000000000
0000000000000100000000000000011101010101011100000000000000010000000000000
0000000000000001111111111111101010011100101011111111111111000000000000000
0000000000000010000000000000010111011101110100000000000000100000000000000
0000000001100101001100000000101001011101001010000000011001010011000000000
0000000110011010110011000001010101011101010101000001100110101100110000000
0000001000000010000000100010100101011101010010100010000000100000001000000
0000001000100010001000100010100101011101010010100010001000100010001000000
0000110001011111110100011010100101011101010010101100010111111101000110000
0000001000100010001000100001010101011101010101000010001000100010001000000
0000001000000010000000100000101101011101011010000010000000100000001000000
0000000110011010110011000000010101011101010100000001100110101100110000000
0000000001100101001100000000001101011101011000000000011001010011000000000
0000000000000010000000000000000101011101010000000000000000100000000000000
0000000000000000111111111111110101011101010111111111111110000000000000000
0000000000000001000000000000011101011101011100000000000001000000000000000
0000000000000010000000000000001101011101011000000000000000100000000000000
0000000000000100000000111111100101011101010011111110000000010000000000000
0000000000001000000001100000010101011101010100000011000000001000000000000
0000000000010000000011000000001101011101011000000001100000000100000000000
0000000000100000000110000000000101011101010000000000110000000010000000000
0000000000100000001100000011100101011101010011100000011000000010000000000
0000000000010000011000000100010101011101010100010000001100000100000000000
0000000000001000010000001000010101011101010100001000000100001000000000000
0000000000000100010000001111110101111111010111111000000100010000000000000
0000000000000100010000010000000100011100010000000100000100010000000000000
0000000000000010010000100111111111111111111111110010000100100000000000000
0000000000000100010001001000000000011100000000001001000100010000000000000
0000000000000100010001010010000000000000000000100101000100010000000000000
0000000000000000000001010111111111111111111111110101000000000000000000000
0000000000000000000001010010000000000000000000100101000000000000000000000
0000000000000000000001001000000000000000000000001001000000000000000000000
0000000000000000000000000111111111111111111111110000000000000000000000000
