0110111101111011000001001001011100001101111011110110000111010010010000011011110111101100000100100101110000110111101
1001000010000100100011111111111110010010000100001001001111111111111000100100001000010010001111111111111001001000010
0010000101000010000000000000010111000100001010000100011101000000000000001000010100001000000000000001011100010000101
0010001000100010000011111111111110000100010001000100001111111111111000001000100010001000001111111111111000010001000
0010010111010010000001001001011100000100101110100100000111010010010000001001011101001000000100100101110000010010111
0110101000101011000010010010011000001101010001010110000011001001001000011010100010101100001001001001100000110101000
1101001000100101100000000000011100011010010001001011000111000000000000110100100010010110000000000001110001101001000
0110101000101011000001111111111110001101010001010110001111111111110000011010100010101100000111111111111000110101000
0010010111010010000011111111111111000100101110100100011111111111111000001001011101001000001111111111111100010010111
0010001000100010000101111111111110000100010001000100001111111111110100001000100010001000010111111111111000010001000
0010000101000010001000100100010010000100001010000100001001000100100010001000010100001000100010010001001000010000101
1001000010000100100000100100010010010010000100001001001001000100100000100100001000010010000010010001001001001000010
0110111101111011000000110110011011001101111011110110011011001101100000011011110111101100000011011001101100110111101
