01000000001110001110001110001110000000010
10111111100111011111011111011100111111101
01011111110011111011111011111001111111010
01101111111001110001110001110011111110110
01110111110011111011111011111001111101110
01111011100111011111011111011100111011110
01111101001110001110001110001110010111110
01111110011101011111011111010111001111110
01111100111000111011111011100011100111110
00111001110101110001110001110101110011100
10010011100011100100100100111000111001001
11000111010111001110001110011101011100011
11101110001110011111011111001110001110111
01111101011100111111011111100111010111110
00111000111001011111011111010011100011100
01111101110011101111011110111001110111110
11101111100111110111011101111100111110111
11000111001111111011011011111110011100011
11101111100111111101010111111100111110111
01111101110011111110101111111001110111110
00111000111000000001010000000011100011100
01111101110011111110101111111001110111110
11101111100111111101010111111100111110111
11000111001111111011011011111110011100011
11101111100111110111011101111100111110111
01111101110011101111011110111001110111110
00111000111001011111011111010011100011100
01111101011100111111011111100111010111110
11101110001110011111011111001110001110111
11000111010111001110001110011101011100011
10010011100011100100100100111000111001001
00111001110101110001110001110101110011100
01111100111000111011111011100011100111110
01111110011101011111011111010111001111110
01111101001110001110001110001110010111110
01111011100111011111011111011100111011110
01110111110011111011111011111001111101110
01101111111001110001110001110011111110110
01011111110011111011111011111001111111010
10111111100111011111011111011100111111101
01000000001110001110001110001110000000010
