0111001001110001110010000010011100011100100111000111001000001001110001110010011100011100100000100111000111001001110
1110011100111011100011000110001110111001110011101110001100011000111011100111001110111000110001100011101110011100111
1100111110011111000011101110000111110011111001111100001110111000011111001111100111110000111011100001111100111110011
1001110111001110000011111110000011100111011100111000001111111000001110011101110011100000111111100000111001110111001
0011100011100100111101111101111001001110001110010011110111110111100100111000111001001111011111011110010011100011100
0111110111110000011110111011110000011111011111000001111011101111000001111101111100000111101110111100000111110111110
1110111110111000001111010111100000111011111011100000111101011110000011101111101110000011110101111000001110111110111
1100011100011100000111101111000001110001110001110000011110111100000111000111000111000001111011110000011100011100011
1110111110111000001111010111100000111011111011100000111101011110000011101111101110000011110101111000001110111110111
0111110111110000011110111011110000011111011111000001111011101111000001111101111100000111101110111100000111110111110
0011100011100100111101111101111001001110001110010011110111110111100100111000111001001111011111011110010011100011100
1001110111001110000011111110000011100111011100111000001111111000001110011101110011100000111111100000111001110111001
1100111110011111000011101110000111110011111001111100001110111000011111001111100111110000111011100001111100111110011
1110011100111011100011000110001110111001110011101110001100011000111011100111001110111000110001100011101110011100111
0111001001110001110010000010011100011100100111000111001000001001110001110010011100011100100000100111000111001001110
