1100000100111000111110001110010000011
1011111000011101111111011100001111101
0101111100001111111111111000011111010
0110111110000111110111110000111110110
0111011111000111100011110001111101110
0111110000001111110111111000000111110
0111101110011100111110011100111011110
1011101100111000011100001110011011101
0001101001110000001000000111001011000
0000100011100010000000100011100010000
1000000111001011000001101001110000001
1100001110011011101011101100111000011
1110011100111011110111101110011100111
0111111000000111110111110000001111110
0011110001111101110111011111000111100
0111110000111110110110111110000111110
1111111000011111010101111100001111111
1111011100001111101011111000011101111
1110001110010000011100000100111000111
1111011100001111101011111000011101111
1111111000011111010101111100001111111
0111110000111110110110111110000111110
0011110001111101110111011111000111100
0111111000000111110111110000001111110
1110011100111011110111101110011100111
1100001110011011101011101100111000011
1000000111001011000001101001110000001
0000100011100010000000100011100010000
0001101001110000001000000111001011000
1011101100111000011100001110011011101
0111101110011100111110011100111011110
0111110000001111110111111000000111110
0111011111000111100011110001111101110
0110111110000111110111110000111110110
0101111100001111111111111000011111010
1011111000011101111111011100001111101
1100000100111000111110001110010000011
