1000010101010000100001010101000010000101010100001000010101010000100001010101000010000101010100001000010101010000100
1100101010101001110010101010100111001010101010011100101010101001110010101010100111001010101010011100101010101001110
1110010101010011111001010101001111100101010100111110010101010011111001010101001111100101010100111110010101010011111
1100010101010001110001010101000111000101010100011100010101010001110001010101000111000101010100011100010101010001110
1000011111110000100001111111000010000111111100001000011111110000100001111111000010000111111100001000011111110000100
1111000010000111111100001000011111110000100001111111000010000111111100001000011111110000100001111111000010000111111
1001100111001100100110011100110010011001110011001001100111001100100110011100110010011001110011001001100111001100100
1100110010011001110011001001100111001100100110011100110010011001110011001001100111001100100110011100110010011001110
1000011010110000100001101011000010000110101100001000011010110000100001101011000010000110101100001000011010110000100
0110001111100011011000111110001101100011111000110110001111100011011000111110001101100011111000110110001111100011011
0111011111110111011101111111011101110111111101110111011111110111011101111111011101110111111101110111011111110111011
