110000000110000000001010000010100000000011000000011
101111000011000000010100000001010000000110000111101
010111100001100000101000000000101000001100001111010
011011110000110001010000010000010100011000011110110
011101111000011010100000101000001010110000111101110
011110000000001101000001010100000101100000000011110
001110000000001110000010101010000011100000000011100
000110000000010111000101000101000111010000000011000
000010000000101001101010000010101100101000000010000
100000000001010000110100000001011000010100000000001
110000000010100000111000000000111000001010000000011
011000000101000001011100000001110100000101000000110
001100001010000010100110000011001010000010100001100
000110010100000101000011000110000101000001010011000
000011101000001010000001101100000010100000101110000
000001110000010100000000111000000001010000011100000
000010110000101000000000010000000000101000011010000
000101011001010000000100000001000000010100110101000
001010001110100000000110000011000000001011100010100
010100000111000000000111000111000000000111000001010
101000001011000000000111101111000000000110100000101
010000010101100001111011101110111100001101010000010
100000101000110000111101101101111000011000101000001
000001010000011000011110101011110000110000010100000
000010100000001100001111010111100001100000001010000
000101000000000110000000111000000011000000000101000
000010100000001100001111010111100001100000001010000
000001010000011000011110101011110000110000010100000
100000101000110000111101101101111000011000101000001
010000010101100001111011101110111100001101010000010
101000001011000000000111101111000000000110100000101
010100000111000000000111000111000000000111000001010
001010001110100000000110000011000000001011100010100
000101011001010000000100000001000000010100110101000
000010110000101000000000010000000000101000011010000
000001110000010100000000111000000001010000011100000
000011101000001010000001101100000010100000101110000
000110010100000101000011000110000101000001010011000
001100001010000010100110000011001010000010100001100
011000000101000001011100000001110100000101000000110
110000000010100000111000000000111000001010000000011
100000000001010000110100000001011000010100000000001
000010000000101001101010000010101100101000000010000
000110000000010111000101000101000111010000000011000
001110000000001110000010101010000011100000000011100
011110000000001101000001010100000101100000000011110
011101111000011010100000101000001010110000111101110
011011110000110001010000010000010100011000011110110
010111100001100000101000000000101000001100001111010
101111000011000000010100000001010000000110000111101
110000000110000000001010000010100000000011000000011
