1110000000000000011110111100000000000000111110000000000000011110111100000000000000111110000000000000011110111100000
1101110000000001100010100011000000000111011101110000000001100010100011000000000111011101110000000001100010100011000
1011001100000110000011100000110000011001101011001100000110000011100000110000011001101011001100000110000011100000110
0110000100000100000001000000010000010000110110000100000100000001000000010000010000110110000100000100000001000000010
1010001000011000001101011000001100001000101010001000011000001101011000001100001000101010001000011000001101011000001
1101000000110001101110111011000110000001011101000000110001101110111011000110000001011101000000110001101110111011000
1000110000110001110110110111000110000110001000110000110001110110110111000110000110001000110000110001110110110111000
0110111000110000110001000110000110001110110110111000110000110001000110000110001110110110111000110000110001000110000
0111011000110000001011101000000110001101110111011000110000001011101000000110001101110111011000110000001011101000000
1011000001100001000101010001000011000001101011000001100001000101010001000011000001101011000001100001000101010001000
1000000010000010000110110000100000100000001000000010000010000110110000100000100000001000000010000010000110110000100
1100000110000011001101011001100000110000011100000110000011001101011001100000110000011100000110000011001101011001100
0100011000000000111011101110000000001100010100011000000000111011101110000000001100010100011000000000111011101110000
0111100000000000000111110000000000000011110111100000000000000111110000000000000011110111100000000000000111110000000
