000000000000000000000100000000010000000001000000000000000000000
000000000000000000001011000000111000000110100000000000000000000
000000000000000000001100000101101101000001100000000000000000000
000000000000000000011110001011000110100011110000000000000000000
000000000000000000111111011100000001110111111000000000000000000
000000000000000001111111101000101000101111111100000000000000000
000000000000000011111111100000101000001111111110000000000000000
000000000000000111111111000010101010000111111111000000000000000
000000000000001110001010000110101011000010100011100000000000000
000000000000011100001010001110101011100010100001110000000000000
000000000000111000010101010110101011010101010000111000000000000
000000000000000000000000111010000010111000000000000000000000000
000000000010101010100001111101111101111100001010101010000000000
000000000110010011000001111110111011111100000110010011000000000
000000001110101011100001111111010111111100001110101011100000000
000000011100000100000001111111010111111100000001000001110000000
000000111000111010001111111111010111111111100010111000111000000
000001110000011001001001111111010111111100100100110000011100000
000011110000101000101000111111010111111000101000101000011110000
000111110010000000010000011111010111110000010000000010011111000
011111111100000011101000001111010111100000101110000001111111110
101111110010000010000100000111010111000001000010000010011111101
010111111100000010000010000011010110000010000010000001111111010
010011110010111111000001111101111101111100000111111010011110010
000001100001111111100001101011111110101100001111111100001100000
000010000011111111110001010001111100010100011111111110000010000
000111000101111111111001101010000010101100111111111101000111000
001010001110111111111101000100101001000101111111111011100010100
000100011111011111111110101011101110101011111111110111110001000
001100000000101111111111110010101010011111111111101000000001100
011001111110110000000001110111101111011100000000011011111100110
110000000000111111111111110000000000011111111111111000000000011
011001111110110000000001110111101111011100000000011011111100110
001100000000101111111111110010101010011111111111101000000001100
000100011111011111111110101011101110101011111111110111110001000
001010001110111111111101000100101001000101111111111011100010100
000111000101111111111001101010000010101100111111111101000111000
000010000011111111110001010001111100010100011111111110000010000
000001100001111111100001101011111110101100001111111100001100000
010011110010111111000001111101111101111100000111111010011110010
010111111100000010000010000011010110000010000010000001111111010
101111110010000010000100000111010111000001000010000010011111101
011111111100000011101000001111010111100000101110000001111111110
000111110010000000010000011111010111110000010000000010011111000
000011110000101000101000111111010111111000101000101000011110000
000001110000011001001001111111010111111100100100110000011100000
000000111000111010001111111111010111111111100010111000111000000
000000011100000100000001111111010111111100000001000001110000000
000000001110101011100001111111010111111100001110101011100000000
000000000110010011000001111110111011111100000110010011000000000
000000000010101010100001111101111101111100001010101010000000000
000000000000000000000000111010000010111000000000000000000000000
000000000000111000010101010110101011010101010000111000000000000
000000000000011100001010001110101011100010100001110000000000000
000000000000001110001010000110101011000010100011100000000000000
000000000000000111111111000010101010000111111111000000000000000
000000000000000011111111100000101000001111111110000000000000000
000000000000000001111111101000101000101111111100000000000000000
000000000000000000111111011100000001110111111000000000000000000
000000000000000000011110001011000110100011110000000000000000000
000000000000000000001100000101101101000001100000000000000000000
000000000000000000001011000000111000000110100000000000000000000
000000000000000000000100000000010000000001000000000000000000000
