0001000000001000000001100000000011000000001000000001000001000000001000000001100000000011000000001000000001000001000
0011000000111100000101000000000001010000011110000001100011000000111100000101000000000001010000011110000001100011000
0111000001101110000011000000000001100000111011000001110111000001101110000011000000000001100000111011000001110111000
0111000010011100001111010110110101111000011100100001110111000010011100001111010110110101111000011100100001110111000
0110111100001100001000101011101010001000011000011110110110111100001100001000101011101010001000011000011110110110111
0101111000001100000001010001000101000000011000001111010101111000001100000001010001000101000000011000001111010101111
1011110000011110000010001011101000100000111100000111101011110000011110000010001011101000100000111100000111101011110
1100000000111011000001010111110101000001101110000000011100000000111011000001010111110101000001101110000000011100000
1011110001110001100000100011100010000011000111000111101011110001110001100000100011100010000011000111000111101011110
0101111001111011110000010101010100000111101111001111010101111001111011110000010101010100000111101111001111010101111
0110111100111111111000001001001000001111111110011110110110111100111111111000001001001000001111111110011110110110111
0111000000010101101100000011100000011011010100000001110111000000010101101100000011100000011011010100000001110111000
0111000000010100110110000111110000110110010100000001110111000000010100110110000111110000110110010100000001110111000
0011000000010100011011001111111001101100010100000001100011000000010100011011001111111001101100010100000001100011000
0001000000101010001101111111111111011000101010000001000001000000101010001101111111111111011000101010000001000001000
