1100000000000000111000100011100000011100000011100010001110000000000000011
1011111111111000010111011101000011101011100001011101110100001111111111101
0101000000000100001111011110000111010101110000111101111000010000000001010
0110100000000010000111011100001110110110111000011101110000100000000010110
0101010000110010000010101000000001110111000000001010100000100110000101010
0100101000110010000001110000001101100011011000000111000000100110001010010
0100010100000010000000100000011101000001011100000010000000100000010100010
0100001010000100000000000000111000000000001110000000000000010000101000010
0100000101111000000000000001110000001000000111000000000000001111010000010
0100000010000000000000000011100000011100000011100000000000000000100000010
0100110010000000000000000111000000101010000001110000000000000000100110010
0100110010000000011101111010000001110111000000101111011100000000100110010
0100000010000000101110111100000011110111100000011110111010000000100000010
0010000100000001110111011100000101110111010000011101110111000000010000100
0001111000000010111011101100001110001000111000011011101110100000001111000
0000000000000111011101110100000101110111010000010111011101110000000000000
1000000000001011101110111000000011110111100000001110111011101000000000001
1100000000010101110111011100000001110111000000011101110111010100000000011
1010000000111010111011101100000000101010000000011011101110101110000000101
0111000001011101011101110100000000011100000000010111011101011101000001110
0111100001101110101110111000000000001000000000001110111010111011000011110
0111010001110111010111010000000000000000000000000101110101110111000101110
1000111000111011101011100000001000000000001000000011101011101110001110001
0111010001011101110101000000001100000000011000000001010111011101000101110
0111100001101110111010000000001010000000101000000000101110111011000011110
0111000001110111011100000000001001000001001000000000011101110111000001110
1010000001111011101000000000001000100010001000000000001011101111000000101
1100000011111101110000000000001011010101101000000000000111011111100000011
1000000111000000000000000000001011010101101000000000000000000001110000001
0000001110000000000000000000001000010100001000000000000000000000111000000
0001011100000010000000111111110100010100010111111110000000100000011101000
0011011000000111000000010000001010010100101000000100000001110000001101100
0111000000001010100000001001100101010101010011001000000010101000000001110
0110111000011101110000000101100010110110100011010000000111011100001110110
0101110000111101111000000010000001010101000000100000001111011110000111010
1011100001011101110100000001111111100011111111000000010111011101000011101
1100000011100010001110000000000000000000000000000000111000100011100000011
1011100001011101110100000001111111100011111111000000010111011101000011101
0101110000111101111000000010000001010101000000100000001111011110000111010
0110111000011101110000000101100010110110100011010000000111011100001110110
0111000000001010100000001001100101010101010011001000000010101000000001110
0011011000000111000000010000001010010100101000000100000001110000001101100
0001011100000010000000111111110100010100010111111110000000100000011101000
0000001110000000000000000000001000010100001000000000000000000000111000000
1000000111000000000000000000001011010101101000000000000000000001110000001
1100000011111101110000000000001011010101101000000000000111011111100000011
1010000001111011101000000000001000100010001000000000001011101111000000101
0111000001110111011100000000001001000001001000000000011101110111000001110
0111100001101110111010000000001010000000101000000000101110111011000011110
0111010001011101110101000000001100000000011000000001010111011101000101110
1000111000111011101011100000001000000000001000000011101011101110001110001
0111010001110111010111010000000000000000000000000101110101110111000101110
0111100001101110101110111000000000001000000000001110111010111011000011110
0111000001011101011101110100000000011100000000010111011101011101000001110
1010000000111010111011101100000000101010000000011011101110101110000000101
1100000000010101110111011100000001110111000000011101110111010100000000011
1000000000001011101110111000000011110111100000001110111011101000000000001
0000000000000111011101110100000101110111010000010111011101110000000000000
0001111000000010111011101100001110001000111000011011101110100000001111000
0010000100000001110111011100000101110111010000011101110111000000010000100
0100000010000000101110111100000011110111100000011110111010000000100000010
0100110010000000011101111010000001110111000000101111011100000000100110010
0100110010000000000000000111000000101010000001110000000000000000100110010
0100000010000000000000000011100000011100000011100000000000000000100000010
0100000101111000000000000001110000001000000111000000000000001111010000010
0100001010000100000000000000111000000000001110000000000000010000101000010
0100010100000010000000100000011101000001011100000010000000100000010100010
0100101000110010000001110000001101100011011000000111000000100110001010010
0101010000110010000010101000000001110111000000001010100000100110000101010
0110100000000010000111011100001110110110111000011101110000100000000010110
0101000000000100001111011110000111010101110000111101111000010000000001010
1011111111111000010111011101000011101011100001011101110100001111111111101
1100000000000000111000100011100000011100000011100010001110000000000000011
