0000000001111000001111000000000
0000000010000100010000100000000
0000000100000010100000010000000
0000001000000001000000001000000
0000001000111000001110001000000
0000001001000110110001001000000
0001110100000001000000010111000
0010001010011100011100101000100
0100000110100010100010110000010
1000010000100010100010000100001
1000100011100001000011100010001
1000100100010000000000010010001
1000100100000111110000010010001
0100010100001000001000010100010
0010010011001011101001100100100
0001001000101010101010001001000
0010010011001011101001100100100
0100010100001000001000010100010
1000100100000111110000010010001
1000100100000000000000010010001
1000100011100001000011100010001
1000010000100010100010000100001
0100000110100010100010110000010
0010001010011100011100101000100
0001110100000001000000010111000
0000001001000110110001001000000
0000001000111000001110001000000
0000001000000001000000001000000
0000000100000010100000010000000
0000000010000100010000100000000
0000000001111000001111000000000
