10010111111111111110011100111111111111110100100101111111111111100111001111111111111101001
01101110000011000100101110010001100000111011011011100000110001001011100100011000001110110
01101100000000110001110111000110000000011011011011000000001100011101110001100000000110110
10001000011000110011100011100110001100001000100010000110001100111000111001100011000010001
01111000001111100111000001110011111000001111011110000011111001110000011100111110000011110
11100000000111101110000000111011110000000011111000000001111011100000001110111100000000111
11000000000000011100000000000000000000000001110000000000000111000000000000000000000000011
10000001111110111011111111111111111111000000100000011111101110111111111111111111110000001
10000001111101110111111111111111111111000000100000011111011101111111111111111111110000001
10010001100011100000000000000000000011000100100100011000111000000000000000000000110001001
10011001100111000000000000000001110011001100100110011001110000000010000000011100110011001
10001101101110000100001000010000111011011000100011011011100000001101100000001110110110001
11001101101100001110011100111000011101011001110011011011000000110010011000000111010110011
11001101101000001010111110101000001110011001110011011010000000110010011000000011100110011
10111101100000011011011101101100000111011110101111011000000001001010100100000001110111101
10110001100000110001101011000110000011100110101100011000000001000111000100000000111001101
10000101100000100001111111000010000001110000100001011000000010111101111010000000011100001
11001101100000010001111111000100000010111001110011011000000001000111000100000000101110011
10011101100010100001001001000010100011011100100111011000000001001010100100000000110111001
00111001100110110000001000000110110011001110001110011000000000110010011000000000110011100
01110001101000001000001000001000001011000111011100011000000000110010011000000000110001110
11100001100110110000001000000110110011000010111000011000001000001101100000100000110000111
11000001100010100000010100000010100011000001110000011000000100000010000001000000110000011
10100001100001000000100010000001000011000011101000011000000110000010000011000000110000101
01110001100000111100010100011110000011000111011100011000000111000010000111000000110001110
00111001100001000110001000110001000011001110001110011000000111100010001111000000110011100
10011101100001000010001000100001000011011100100111011000000011110010011110000000110111001
11001110100001100011010101100011000011011001110011101000000001110010011100000000110110011
10000111000000100001110111000010000011010000100001110000000000110010011000000000110100001
10110011100000100000001000000010000011000110101100111000000000010101010000000000110001101
10111101110000010000001000000100000011011110101111011100000000001000100000000000110111101
11001100111000010000001000000100001011011001110011001110000000001000100000000010110110011
11001101011100000000001000000000011011011001110011010111000000000101000000000110110110011
10001101101110000000001000000000111011011000100011011011100000011111110000001110110110001
10011001100110000000011100000001110011001100100110011001110000101010101000011100110011001
10010001100000000000111110000011100011000100100100011000000000000000000000111000110001001
10000001111111111111111111110111011111000000100000011111111111111111111101110111110000001
10000001111111111111111111101110111111000000100000011111111111111111111011101111110000001
11000000000000000000000000011100000000000001110000000000000000000000000111000000000000011
11100000000111101110000000111011110000000011111000000001111011100000001110111100000000111
01111000001111100111000001110011111000001111011110000011111001110000011100111110000011110
10001000011000110011100011100110001100001000100010000110001100111000111001100011000010001
01101100000000110001110111000110000000011011011011000000001100011101110001100000000110110
01101110000011000100111010010001100000111011011011100000110001001110100100011000001110110
10010111111111111110011100111111111111110100100101111111111111100111001111111111111101001
01101110000011000100101110010001100000111011011011100000110001001011100100011000001110110
01101100000000110001110111000110000000011011011011000000001100011101110001100000000110110
10001000011000110011100011100110001100001000100010000110001100111000111001100011000010001
01111000001111100111000001110011111000001111011110000011111001110000011100111110000011110
11100000000111101110000000111011110000000011111000000001111011100000001110111100000000111
11000000000000011100000000000000000000000001110000000000000111000000000000000000000000011
10000001111110111011111111111111111111000000100000011111101110111111111111111111110000001
10000001111101110111111111111111111111000000100000011111011101111111111111111111110000001
10010001100011100000000000000000000011000100100100011000111000000000000000000000110001001
10011001100111000000001000000001110011001100100110011001110000000000000000011100110011001
10001101101110000000110110000000111011011000100011011011100001000010000100001110110110001
11001101101100000011001001100000011101011001110011011011000011100111001110000111010110011
11001101101000000011001001100000001110011001110011011010000010101111101010000011100110011
10111101100000000100101010010000000111011110101111011000000110110111011011000001110111101
10110001100000000100011100010000000011100110101100011000001100011010110001100000111001101
10000101100000001011110111101000000001110000100001011000001000011111110000100000011100001
11001101100000000100011100010000000010111001110011011000000100011111110001000000101110011
10011101100000000100101010010000000011011100100111011000101000010010010000101000110111001
00111001100000000011001001100000000011001110001110011001101100000010000001101100110011100
01110001100000000011001001100000000011000111011100011010000010000010000010000010110001110
11100001100000100000110110000010000011000010111000011001101100000010000001101100110000111
11000001100000010000001000000100000011000001110000011000101000000101000000101000110000011
10100001100000011000001000001100000011000011101000011000010000001000100000010000110000101
01110001100000011100001000011100000011000111011100011000001111000101000111100000110001110
00111001100000011110001000111100000011001110001110011000010001100010001100010000110011100
10011101100000001111001001111000000011011100100111011000010000100010001000010000110111001
11001110100000000111001001110000000011011001110011101000011000110101011000110000110110011
10000111000000000011001001100000000011010000100001110000001000011101110000100000110100001
10110011100000000001010101000000000011000110101100111000001000000010000000100000110001101
10111101110000000000100010000000000011011110101111011100000100000010000001000000110111101
11001100111000000000100010000000001011011001110011001110000100000010000001000010110110011
11001101011100000000010100000000011011011001110011010111000000000010000000000110110110011
10001101101110000001111111000000111011011000100011011011100000000010000000001110110110001
10011001100111000010101010100001110011001100100110011001100000000111000000011100110011001
10010001100000000000000000000011100011000100100100011000000000001111100000111000110001001
10000001111111111111111111110111011111000000100000011111111111111111111101110111110000001
10000001111111111111111111101110111111000000100000011111111111111111111011101111110000001
11000000000000000000000000011100000000000001110000000000000000000000000111000000000000011
11100000000111101110000000111011110000000011111000000001111011100000001110111100000000111
01111000001111100111000001110011111000001111011110000011111001110000011100111110000011110
10001000011000110011100011100110001100001000100010000110001100111000111001100011000010001
01101100000000110001110111000110000000011011011011000000001100011101110001100000000110110
01101110000011000100111010010001100000111011011011100000110001001110100100011000001110110
10010111111111111110011100111111111111110100100101111111111111100111001111111111111101001
