1110001110010001000100111000111110001110010001000100111000111110001110010001000100111000111110001110010001000100111
1000000100100110110010010000001000000100100110110010010000001000000100100110110010010000001000000100100110110010010
1100001001001001001001001000011100001001001001001001001000011100001001001001001001001000011100001001001001001001001
0110010010010101010100100100110110010010010101010100100100110110010010010101010100100100110110010010010101010100100
1100100100010011100100010010011100100100010011100100010010011100100100010011100100010010011100100100010011100100010
1010101000101110111010001010101010101000101110111010001010101010101000101110111010001010101010101000101110111010001
1001010001010011100101000101001001010001010011100101000101001001010001010011100101000101001001010001010011100101000
0110100010010101010100100010110110100010010101010100100010110110100010010101010100100010110110100010010101010100100
1000000111001001001001110000001000000111001001001001110000001000000111001001001001110000001000000111001001001001110
1111001111100110110011111001111111001111100110110011111001111111001111100110110011111001111111001111100110110011111
