1111001111000000000000000001111001111
1001001001000000000000000001001001001
1001001001000000000000000001001001001
1111111111000000000000000001111111111
0001001000000000000000000000001001000
0001001000000000000000000000001001000
1111111111111111111111111111111111111
1001001010100101100011010010101001001
1001001111110110110110110111111001001
1111001010100101011101010010101001111
0000001111110100101010010111111000000
0000001010100101010101010010101000000
0000001000000101101011010000001000000
0000001111111101110111011111111000000
0000001010000010001000100000101000000
0000001101011101101011011101011000000
0000001110101101101011011010111000000
0000001011010100010100010101101000000
0000001001101011100011101011001000000
0000001011010100010100010101101000000
0000001110101101101011011010111000000
0000001101011101101011011101011000000
0000001010000010001000100000101000000
0000001111111101110111011111111000000
0000001000000101101011010000001000000
0000001010100101010101010010101000000
0000001111110100101010010111111000000
1111001010100101011101010010101001111
1001001111110110110110110111111001001
1001001010100101100011010010101001001
1111111111111111111111111111111111111
0001001000000000000000000000001001000
0001001000000000000000000000001001000
1111111111000000000000000001111111111
1001001001000000000000000001001001001
1001001001000000000000000001001001001
1111001111000000000000000001111001111
