1111000001000001111110111111000001000001111110111111000001000001111110111111000001000001111110111111000001000001111
0000100010100010000010100000100010100010000010100000100010100010000010100000100010100010000010100000100010100010000
1111010100010101111010101111010100010101111010101111010100010101111010101111010100010101111010101111010100010101111
0000101000001010001011101000101000001010001011101000101000001010001011101000101000001010001011101000101000001010001
0000010100010100001001001000010100010100001001001000010100010100001001001000010100010100001001001000010100010100001
0000001010101000000110110000001010101000000110110000001010101000000110110000001010101000000110110000001010101000000
0000000101010000000011100000000101010000000011100000000101010000000011100000000101010000000011100000000101010000000
0110000010100000110011100110000010100000110011100110000010100000110011100110000010100000110011100110000010100000110
1111000010100001111001001111000011100001111001001111000011100001111001001111000011100001111001001111000011100001111
1010000110110000101100011010000110110000101100011010000110110000101100011010000110110000101100011010000110110000101
1000001101011000001100011000001101011000001100011000001101011000001100011000001101011000001100011000001101011000001
1100011001001100011010101100011001001100011010101100011001001100011010101100011001001100011010101100011001001100011
0111110010100111110001000111110010100111110001000111110010100111110001000111110010100111110001000111110010100111110
0011100100010011100011100011100100010011100011100011100100010011100011100011100100010011100011100011100100010011100
0000001001001000000011100000001001001000000011100000001001001000000011100000001001001000000011100000001001001000000
0000010100010100000101010000010100010100000101010000010100010100000101010000010100010100000101010000010100010100000
0000100010100010001110111000100010100010001110111000100010100010001110111000100010100010001110111000100010100010001
0001001001001001000101010001001001001001000101010001001001001001000101010001001001001001000101010001001001001001000
0000100010100010000011100000100010100010000011100000100010100010000011100000100010100010000011100000100010100010000
0010010100010100100011100010010100010100100011100010010100010100100011100010010100010100100011100010010100010100100
0110001001001000110001000110001001001000110001000110001001001000110001000110001001001000110001000110001001001000110
1111010100010101111000001111010100010101111000001111010100010101111000001111010100010101111000001111010100010101111
0111100010100011110000000111100010100011110000000111100010100011110000000111100010100011110000000111100010100011110
0111000001000001110000000111000001000001110000000111000001000001110000000111000001000001110000000111000001000001110
0010000000000000100000000010000000000000100000000010000000000000100000000010000000000000100000000010000000000000100
