110110001101100000010000001101100011011
110110001101100000111000001101100011011
001000000010000001111100000010000000100
110100000101100001111100001101000001011
110011111001100001111100001100111110011
000011011000000001000100000000110110000
000010001000000011111110000000100010000
000011011000000101010101000000110110000
110011111001100110101011001100111110011
110100000101100101010101001101000001011
001000000010000011111110000010000000100
110110001101100000010000001101100011011
110110001101100000010000001101100011011
000000000000011111101111110000000000000
000000000000011001000100110000000000000
000000011100010001101100010001110000000
000000001010010001101100010010100000000
001111110110011110101011110011011111100
011110101010010111010111010010101011110
111110110111100000101000001111011011111
011110101010010111010111010010101011110
001111110110011110101011110011011111100
000000001010010001101100010010100000000
000000011100010001101100010001110000000
000000000000011001000100110000000000000
000000000000011111101111110000000000000
110110001101100000010000001101100011011
110110001101100000010000001101100011011
001000000010000011111110000010000000100
110100000101100101010101001101000001011
110011111001100110101011001100111110011
000011011000000101010101000000110110000
000010001000000011111110000000100010000
000011011000000001000100000000110110000
110011111001100001111100001100111110011
110100000101100001111100001101000001011
001000000010000001111100000010000000100
110110001101100000111000001101100011011
110110001101100000010000001101100011011
