00011110000000000000100000000000001111000
00010010000000000001110000000000001001000
00010010000000000011011000000000001001000
11111111110000000110001100000001111111111
10010010010000000110001100000001001001001
10010010010000000111011100000001001001001
11111111110000001110101110000001111111111
00010011000000011101010111000000011001000
00010010100000111101010111100000101001000
00011110010000111010001011100001001111000
00000000001000011010001011000010000000000
00000000000100011101010111000100000000000
00000000000011101111111110111000000000000
00000000000011010000100001011000000000000
00000000110010110000100001101001100000000
00000001111101110001110001110111110000000
00000011111110001110001110001111111000000
00011111100110001101010110001100111111000
00111110011010001011011010001011001111100
01100101100110010111011101001100110100110
11000010000011110000100001111000001000011
01100101100110010111011101001100110100110
00111110011010001011011010001011001111100
00011111100110001101010110001100111111000
00000011111110001110001110001111111000000
00000001111101110001110001110111110000000
00000000110010110000100001101001100000000
00000000000011010000100001011000000000000
00000000000011101111111110111000000000000
00000000000100011101010111000100000000000
00000000001000011010001011000010000000000
00011110010000111010001011100001001111000
00010010100000111101010111100000101001000
00010011000000011101010111000000011001000
11111111110000001110101110000001111111111
10010010010000000111011100000001001001001
10010010010000000110001100000001001001001
11111111110000000110001100000001111111111
00010010000000000011011000000000001001000
00010010000000000001110000000000001001000
00011110000000000000100000000000001111000
