0100111010111000010000111010111001010011101011100001000011101011100101001110101110000100001110101110010100111010111
1010011010110000111000011010110010101001101011000011100001101011001010100110101100001110000110101100101010011010110
1011001010100000111000001010100110101100101010000011100000101010011010110010101000001110000010101001101011001010100
0101101101000001111100000101101101010110110100000111110000010110110101011011010000011111000001011011010101101101000
0101100010000100111001000010001101010110001000010011100100001000110101011000100001001110010000100011010101100010000
0101100010001010010010100010001101010110001000101001001010001000110101011000100010100100101000100011010101100010001
1011000100000101010101000001000110101100010000010101010100000100011010110001000001010101010000010001101011000100000
0110001000001000111000100000100011011000100000100011100010000010001101100010000010001110001000001000110110001000001
1100010000010000010000010000010001110001000001000001000001000001000111000100000100000100000100000100011100010000010
1000100000100110101011001000001000100010000010011010101100100000100010001000001001101010110010000010001000100000100
1000100001001110010011100100001000100010000100111001001110010000100010001000010011100100111001000010001000100001001
1100100010001101010101100010001001110010001000110101010110001000100111001000100011010101011000100010011100100010001
1001000100010011101110010001000100100100010001001110111001000100010010010001000100111011100100010001001001000100010
1001001000101101010101101000100100100100100010110101010110100010010010010010001011010101011010001001001001001000101
1110010001001110010011100100010011111001000100111001001110010001001111100100010011100100111001000100111110010001001
1100100110000110010011000011001001110010011000011001001100001100100111001001100001100100110000110010011100100110000
1001001000000000010000000000100100100100100000000001000000000010010010010010000000000100000000001001001001001000000
1010010000000000111000000000010010101001000000000011100000000001001010100100000000001110000000000100101010010000000
1010100000000000010000000000001010101010000000000001000000000000101010101000000000000100000000000010101010100000000
0101000000000000010000000000000101010100000000000001000000000000010101010000000000000100000000000001010101000000000
1000011000000000010000000000110000100001100000000001000000000011000010000110000000000100000000001100001000011000000
1100111100001000101000100001111001110011110000100010100010000111100111001111000010001010001000011110011100111100001
0111100110010100010001010011001111011110011001010001000101001100111101111001100101000100010100110011110111100110010
0011000100001010111010100001000110001100010000101011101010000100011000110001000010101110101000010001100011000100001
