10000011111111100000100000111111111000001
01110100000000010111011101000000000101110
01101011111111101011011010111111111010110
01010110111110110101010101101111101101010
00101110011100111010001011100111001110100
01011110001000111101010111100010001111010
10111110100010111110101111101000101111101
10100001110111000010101000011101110000101
10110011101011100110101100111010111001101
10111001000001001110101110010000010011101
10111100101010011110101111001010100111101
10111001000001001110101110010000010011101
10110011101011100110101100111010111001101
10100001110111000010101000011101110000101
10111110100010111110101111101000101111101
01011110001000111101010111100010001111010
00101110011100111010001011100111001110100
01010110111110110101010101101111101101010
01101011111111101011011010111111111010110
01110100000000010111011101000000000101110
10000011111111100000100000111111111000001
01110100000000010111011101000000000101110
01101011111111101011011010111111111010110
01010110111110110101010101101111101101010
00101110011100111010001011100111001110100
01011110001000111101010111100010001111010
10111110100010111110101111101000101111101
10100001110111000010101000011101110000101
10110011101011100110101100111010111001101
10111001000001001110101110010000010011101
10111100101010011110101111001010100111101
10111001000001001110101110010000010011101
10110011101011100110101100111010111001101
10100001110111000010101000011101110000101
10111110100010111110101111101000101111101
01011110001000111101010111100010001111010
00101110011100111010001011100111001110100
01010110111110110101010101101111101101010
01101011111111101011011010111111111010110
01110100000000010111011101000000000101110
10000011111111100000100000111111111000001
