1001100001010000110010011000010100001100100110000101000011001001100001010000110010011000010100001100100110000101000
1100110011011001100111001100110110011001110011001101100110011100110011011001100111001100110110011001110011001101100
1110011000100011001111100110001000110011111001100010001100111110011000100011001111100110001000110011111001100010001
1111001100100110011111110011001001100111111100110010011001111111001100100110011111110011001001100111111100110010011
1110000110101100001111100001101011000011111000011010110000111110000110101100001111100001101011000011111000011010110
1100100011111000100111001000111110001001110010001111100010011100100011111000100111001000111110001001110010001111100
1001110001110001110010011100011100011100100111000111000111001001110001110001110010011100011100011100100111000111000
1011111000100011111010111110001000111110101111100010001111101011111000100011111010111110001000111110101111100010001
1110011100100111001111100111001001110011111001110010011100111110011100100111001111100111001001110011111001110010011
1100001110101110000111000011101011100001110000111010111000011100001110101110000111000011101011100001110000111010111
1001001100100110010010010011001001100100100100110010011001001001001100100110010010010011001001100100100100110010011
1011111000100011111010111110001000111110101111100010001111101011111000100011111010111110001000111110101111100010001
1001110000100001110010011100001000011100100111000010000111001001110000100001110010011100001000011100100111000010000
1000100001110000100010001000011100001000100010000111000010001000100001110000100010001000011100001000100010000111000
1100000011111000000111000000111110000001110000001111100000011100000011111000000111000000111110000001110000001111100
1110000111111100001111100001111111000011111000011111110000111110000111111100001111100001111111000011111000011111110
1111001111111110011111110011111111100111111100111111111001111111001111111110011111110011111111100111111100111111111
1111111111111111111111111111111111111111111111111111111111111111111111111111111111111111111111111111111111111111111
