1100000000000110011100110000000000011
1011111110000011001001100000111111101
0101111011000001100011000001101111010
0110110001000010110110100001000110110
0111011011011100011100011101101101110
0111101110001100001000011000111011110
0110110100110100000000010110010110110
0100011100010000000000000100011100010
0110110010000000000000000000100110110
0011100001000011100011100001000011100
0000000000100110110110110010000000000
0000000100011100010100011100010000000
0000010110010110110110110100110100000
1000011000111011110111101110001100001
1100011101101101110111011011011100011
0110100001000110110110110001000010110
0011000001101111010101111011000001100
1001100000111111101011111110000011001
1100110000000000011100000000000110011
1001100000111111101011111110000011001
0011000001101111010101111011000001100
0110100001000110110110110001000010110
1100011101101101110111011011011100011
1000011000111011110111101110001100001
0000010110010110110110110100110100000
0000000100011100010100011100010000000
0000000000100110110110110010000000000
0011100001000011100011100001000011100
0110110010000000000000000000100110110
0100011100010000000000000100011100010
0110110100110100000000010110010110110
0111101110001100001000011000111011110
0111011011011100011100011101101101110
0110110001000010110110100001000110110
0101111011000001100011000001101111010
1011111110000011001001100000111111101
1100000000000110011100110000000000011
