0001111111101000000010111111110000011111111010000000101111111100000111111110100000001011111111000001111111101000000
0011100111001100000110011100111000111001110011000001100111001110001110011100110000011001110011100011100111001100000
0110110010001110001110001001101101101100100011100011100010011011011011001000111000111000100110110110110010001110001
1100011000001111011110000011000111000110000011110111100000110001110001100000111101111000001100011100011000001111011
1001110011110111011101111001110010011100111101110111011110011100100111001111011101110111100111001001110011110111011
1000100001111011011011110000100010001000011110110110111100001000100010000111101101101111000010001000100001111011011
1100001000111101010111100010000111000010001111010101111000100001110000100011110101011110001000011100001000111101010
0110011100011110101111000111001101100111000111101011110001110011011001110001111010111100011100110110011100011110101
0011110111100001110000111101111000111101111000011100001111011110001111011110000111000011110111100011110111100001110
0110011100011110101111000111001101100111000111101011110001110011011001110001111010111100011100110110011100011110101
1100001000111101010111100010000111000010001111010101111000100001110000100011110101011110001000011100001000111101010
1000100001111011011011110000100010001000011110110110111100001000100010000111101101101111000010001000100001111011011
1001110011110111011101111001110010011100111101110111011110011100100111001111011101110111100111001001110011110111011
1100010000001111011110000001000111000100000011110111100000010001110001000000111101111000000100011100010000001111011
0110110010001110001110001001101101101100100011100011100010011011011011001000111000111000100110110110110010001110001
0011100111001100000110011100111000111001110011000001100111001110001110011100110000011001110011100011100111001100000
0001111111101000000010111111110000011111111010000000101111111100000111111110100000001011111111000001111111101000000
