111111111111111111111111111111111111111111111
100000000000000000000000000000000000000000001
101101100110011110010101010001110011001101101
101101000011001111001101100011100110000101101
100011001111000111011101110111000111100110001
101111011110000111000010000111000011110111101
101000111100001111011101110111100001111000101
100001111010011111001101100111110010111100001
100011110110111110010101010011111011011110001
101011101110111011110010011110111011101110101
101111011110111011111010111110111011110111101
100110000001011111111010111111110100000011001
100000001110111110011010110011111011100000001
101000011111111100001010100001111111110000101
101100111111111100010010010001111111111001101
101111111001111110000010000011111100111111101
100111111111100110001101100011001111111111101
100011110111000001110101011100000111011111001
100000000111000001101000101100000111000000001
101010101111101001011010110100101111101010101
100110110011110010111111111010011110011011001
101110111000000011001111100110000000111011101
100001000111111100011101110001111111000100001
101110111000000011001111100110000000111011101
100110110011110010111111111010011110011011001
101010101111101001011010110100101111101010101
100000000111000001101000101100000111000000001
100111110111000001110101011100000111011110001
101111111111100110001101100011001111111111001
101111111001111110000010000011111100111111101
101100111111111100010010010001111111111001101
101000011111111100001010100001111111110000101
100000001110111110011010110011111011100000001
100110000001011111111010111111110100000011001
101111011110111011111010111110111011110111101
101011101110111011110010011110111011101110101
100011110110111110010101010011111011011110001
100001111010011111001101100111110010111100001
101000111100001111011101110111100001111000101
101111011110000111000010000111000011110111101
100011001111000111011101110111000111100110001
101101000011001110001101100111100110000101101
101101100110011100010101010011110011001101101
100000000000000000000000000000000000000000001
111111111111111111111111111111111111111111111
