0000000111111111001100111101101101111000011110001000001111
0000000111010111000000011110101011110001100000000100101111
0000000111000111000000001111010111100000011000000010100111
0000000111000111000000000000111000000000000100000001100010
0000000111000111000001111100010001111101111111111000110010
0000000111101111000011111110010011111110111110001111111010
0000000011010110000111111001010100111111001111011100000111
0000000000111000000111110000111000011111000000100000001111
0000000000011000000011100000010000001110000000010000001111
0000000000001100000000000000010000000000000000001000001111
0000000000001100000000000000011000000000000000000100000111
0000000000000110000000000000001000000000000000000010000111
0000000000000011000000000000000100000000000000000001000010
0000000000000001100000111111101111110000000000000000100010
0000000000000000110011111111111111111100000001111000011010
0000000000000000110111000000001111111111000011000110000111
0000000110000000011100000111110001111111110110001111000111
0000001111000000110011111000000000001111111100010000000111
0000011101100001100000000000000000000000001100100000000111
0000001110010011000000000000000000000000001100100000000111
0000001100000110000000000000000000000000001111110000000111
0000001100000110000000000000111000000000000110011000000111
0000011111000110000000000001000100000000000000001100000111
0000111111100110000000000001000100000000000000000110000111
0001111111100110000000000000111000000000000000000011000111
0011111111100110000000011111010111110000000000000001100111
0011111111100110000000111111101111111000000000000000110111
0111111111000110000000111111101111111000000000000000111111
1111101010000110000000111011101110111000000000000000011101
1011001010000110000000110001101100011000000000000000011101
0110010101000110000000111011101110111000000000000000011101
0001111111110110000000111111101111111000000000000000001111
0000111111100110000000111111101111111000000000000010000111
0000000000000110000000011111000111110000000000000001000111
0000000000000110001100000000111000000001100000000011100111
0000000000000110011110110001000100011011110000000100010111
0000000000000110111101111001111100111101111000000100010111
0000000000000110111001111011111110111100111000010100010111
0000000000000110111001110111111111011100111000011010010111
0000000000000110111001100110000011001100111011111101010111
0001100000000110111001100110000011001100111100111110110111
0000110000000110111001100110000011001100111000001111010111
0000011000000110011101100110000011001101110000000111111111
0001011100000110000110110111000111011011000000000000111111
0011011100000110000000011001111100110000000000000000111111
0111011100000110000000001100111001100000000000000000111111
1111011100000110000000000111010111000000000000001110111111
0000111100000110000000000111010111000000000000011111011111
0111001110000110000000000111010111000000000000110001101111
1101100111001100000000000111010111000000000000100000110111
1000111001110110000000111101010101111000000000101100010111
1101100111000110000001000010010010000100000000111110010111
0111001110000110000001000100010001000100000000111110001111
0000111100000110000000111000101000111000000000011100000111
1111011100000110000000000001000100000000000000000000000111
0111011100000110000000000000101000000000000000000000000111
0011011100000110000000000000010000000000000000000111111111
0001011100000110000000001111111111111000000000000011000000
0000011000000011000001111000001111000111000000000011000000
0000110000000011000110000000010000000000111110000001100000
0001100000000001111000011111101000000000000001111000011000
0000000000000111111111111000011100000000000000000111111111
0000000000001111000000000000111110000000000000000111000010
1000000000010010000000000000111110000000000000001110000111
1100000000100001000000000000111110000000000000011100011111
1110011101000001000000011111011101111100000000011100111111
1111111010000000100000111111101011111110000000011100111111
0111110101000000100001100111101011110011000000011100011111
0011101011000000010001000011011101100001000000001110000111
0000010111000000010000001101001001011000000000000011100010
0011101110000000001000010001110111000100000000000001111101
0100101110000000001000010011001001100100000000000001000010
0100101111000000000100001110001000111000000000000001000010
0111000111100000000010000000010000000000000000000011111111
0000000011110000000001111111100000000000000000000111111111
