01000001100100010001000100110000010
10111110010010101010101001001111101
01011111000001000100010000011111010
01101111100000101010100000111110110
01110111110001010001010001111101110
01111000000010001010001000000011110
01111000000100000100000100000011110
10111000001000000000000010000011101
10011000010001001010010001000011001
01001000100001100100110000100010010
00000001000001110101110000010000000
10000010000001111011110000001000001
01000100000001111011110000000100010
00101000111110111011101111100010100
01010000011111011011011111000001010
10001000001111101010111110000010001
01010100100111110101111100100101010
00100010011000001010000011001000100
01010100100111110101111100100101010
10001000001111101010111110000010001
01010000011111011011011111000001010
00101000111110111011101111100010100
01000100000001111011110000000100010
10000010000001111011110000001000001
00000001000001110101110000010000000
01001000100001100100110000100010010
10011000010001001010010001000011001
10111000001000000000000010000011101
01111000000100000100000100000011110
01111000000010001010001000000011110
01110111110001010001010001111101110
01101111100000101010100000111110110
01011111000001000100010000011111010
10111110010010101010101001001111101
01000001100100010001000100110000010
