1011111111000000000000000000000000000000000001111111101011111111000000000000000000000000000000000001111111101011111
1100000111100000000000000001000000000000000011110000011100000111100000000000000001000000000000000011110000011100000
1001000110110000000000000011100000000000000110110001001001000110110000000000000011100000000000000110110001001001000
1011100110011000101000001001001000001010001100110011101011100110011000101000001001001000001010001100110011101011100
0111000110011001010100011101011100010101001100110001110111000110011001010100011101011100010101001100110001110111000
1010010011011000010000001110111000000100001101100100101010010011011000010000001110111000000100001101100100101010010
1101111001111111110000100101010010000111111111001111011101111001111111110000100101010010000111111111001111011101111
1010010000111111111001111011101111001111111110000100101010010000111111111001111011101111001111111110000100101010010
0111000000100001101100100101010010011011000010000001110111000000100001101100100101010010011011000010000001110111000
1011100010101001100110001110111000110011001010100011101011100010101001100110001110111000110011001010100011101011100
1001000001010001100110011101011100110011000101000001001001000001010001100110011101011100110011000101000001001001000
1100000000000000110110001001001000110110000000000000011100000000000000110110001001001000110110000000000000011100000
1000000000000000011110000011100000111100000000000000001000000000000000011110000011100000111100000000000000001000000
0000000000000000001111111101011111111000000000000000000000000000000000001111111101011111111000000000000000000000000
