0110011110011001000001010101000001001100111100110110011110011001000001010101000001001100111100110110011110011001000
1100110011110010110010101010100110100111100110011100110011110010110010101010100110100111100110011100110011110010110
1001100111100111001101010101011001110011110011001001100111100111001101010101011001110011110011001001100111100111001
1100110011001111000001010101000001111001100110011100110011001111000001010101000001111001100110011100110011001111000
0110011000011101100000111110000011011100001100110110011000011101100000111110000011011100001100110110011000011101100
0110001100111000110000001000000110001110011000110110001100111000110000001000000110001110011000110110001100111000110
0100011001111101110010011100100111011111001100010100011001111101110010011100100111011111001100010100011001111101110
1110110011111111100111001001110011111111100110111110110011111111100111001001110011111111100110111110110011111111100
1011100110001010000010101010100000101000110011101011100110001010000010101010100000101000110011101011100110001010000
1001001100001010000000011100000000101000011001001001001100001010000000011100000000101000011001001001001100001010000
1111111000010101000000111110000001010100001111111111111000010101000000111110000001010100001111111111111000010101000
