000000000000000010000000000000000
000000000000000101000000000000000
000000000000001000100000000000000
000000000000000101000000000000000
000000000000000010000000000000000
000000000000000101000000000000000
000000000000001010100000000000000
000000000000010101010000000000000
000000000000101000101000000000000
000000000001011101110100000000000
000000000010111101111010000000000
000000000101011101110101000000000
000000001010011101110010100000000
000000010111101101101111010000000
001000101111110101011111101000100
010101010111111010111111010101010
100010100000000111000000001010001
010101010111111010111111010101010
001000101111110101011111101000100
000000010111101101101111010000000
000000001010011101110010100000000
000000000101011101110101000000000
000000000010111101111010000000000
000000000001011101110100000000000
000000000000101000101000000000000
000000000000010101010000000000000
000000000000001010100000000000000
000000000000000101000000000000000
000000000000000010000000000000000
000000000000000101000000000000000
000000000000001000100000000000000
000000000000000101000000000000000
