0000100001000000010000100000001000010000000100001000000010000100000001000010000000100001000000010000100000001000010
1000010010000100001001000010000100100001000010010000100001001000010000100100001000010010000100001001000010000100100
1100010010001110001001000111000100100011100010010001110001001000111000100100011100010010001110001001000111000100100
0110001100011011000110001101100011000110110001100011011000110001101100011000110110001100011011000110001101100011000
0011010010110001101001011000110100101100011010010110001101001011000110100101100011010010110001101001011000110100101
0110010010011011001001001101100100100110110010010011011001001001101100100100110110010010011011001001001101100100100
1100001100001110000110000111000011000011100001100001110000110000111000011000011100001100001110000110000111000011000
1000010010000100001001000010000100100001000010010000100001001000010000100100001000010010000100001001000010000100100
1100100001001110010000100111001000010011100100001001110010000100111001000010011100100001001110010000100111001000010
0101100001101010110000110101011000011010101100001101010110000110101011000011010101100001101010110000110101011000011
0111010010111011101001011101110100101110111010010111011101001011101110100101110111010010111011101001011101110100101
0110111111011011011111101101101111110110110111111011011011111101101101111110110110111111011011011111101101101111110
0101110011101010111001110101011100111010101110011101010111001110101011100111010101110011101010111001110101011100111
0111100001111011110000111101111000011110111100001111011110000111101111000011110111100001111011110000111101111000011
0100000000001010000000000101000000000010100000000001010000000000101000000000010100000000001010000000000101000000000
0100000000001010000000000101000000000010100000000001010000000000101000000000010100000000001010000000000101000000000
0111100001111011110000111101111000011110111100001111011110000111101111000011110111100001111011110000111101111000011
0101000000101010100000010101010000001010101000000101010100000010101010000001010101000000101010100000010101010000001
0100000000001010000000000101000000000010100000000001010000000000101000000000010100000000001010000000000101000000000
1111111111111111111111111111111111111111111111111111111111111111111111111111111111111111111111111111111111111111111
