0000000000000000100010000000000000000
0000000000000000110110000000000000000
0000000000000011010101100000000000000
0000000000000001101011000000000000000
0000000000000000011100000000000000000
0000000000000001101011000000000000000
0000000101110011010101100111010000000
0000001101011000110110001101011000000
0000000011011100101010011101100000000
0000001111000000001000000001111000000
0000001000101010101010101010001000000
0000001110010011001001100100111000000
0000000110101011101011101010110000000
0000000010000100001000010000100000000
0010001000111011111111101110001000100
0011011000011011110111101100001101100
1101010110101011100011101010110101011
0110101100000011010101100000011010110
0001110011111110001000111111100111000
0110101100000011010101100000011010110
1101010110101011100011101010110101011
0011011000011011110111101100001101100
0010001000111011111111101110001000100
0000000010000100001000010000100000000
0000000110101011101011101010110000000
0000001110010011001001100100111000000
0000001000101010101010101010001000000
0000001111000000001000000001111000000
0000000011011100101010011101100000000
0000001101011000110110001101011000000
0000000101110011010101100111010000000
0000000000000001101011000000000000000
0000000000000000011100000000000000000
0000000000000001101011000000000000000
0000000000000011010101100000000000000
0000000000000000110110000000000000000
0000000000000000100010000000000000000
