0000000000010000000000000000000001000000000000000000000100000000000000000000010000000000000000000001000000000000000
0000000000101000000000000000000010100000000000000000001010000000000000000000101000000000000000000010100000000000000
0000111101101101111000000011110110110111100000001111011011011110000000111101101101111000000011110110110111100000001
0001101011010110101100000110101101011010110000011010110101101011000001101011010110101100000110101101011010110000011
0001101010000010101100000110101000001010110000011010100000101011000001101010000010101100000110101000001010110000011
0001101011010110101100000110101101011010110000011010110101101011000001101011010110101100000110101101011010110000011
0000111001111100111000000011100111110011100000001110011111001110000000111001111100111000000011100111110011100000001
0000011110010011110000000001111001001111000000000111100100111100000000011110010011110000000001111001001111000000000
0000000010111010000000000000001011101000000000000000101110100000000000000010111010000000000000001011101000000000000
0100011101101101110001010001110110110111000101000111011011011100010100011101101101110001010001110110110111000101000
0011111010111010111110001111101011101011111000111110101110101111100011111010111010111110001111101011101011111000111
0001100111010111001100000110011101011100110000011001110101110011000001100111010111001100000110011101011100110000011
0000011110101011110000000001111010101111000000000111101010111100000000011110101011110000000001111010101111000000000
0100111101101101111001010011110110110111100101001111011011011110010100111101101101111001010011110110110111100101001
0011111011101110111110001111101110111011111000111110111011101111100011111011101110111110001111101110111011111000111
1001110000010000011100100111000001000001110010011100000100000111001001110000010000011100100111000001000001110010011
1100000011101110000001110000001110111000000111000000111011100000011100000011101110000001110000001110111000000111000
0110000001101100000011011000000110110000001101100000011011000000110110000001101100000011011000000110110000001101100
0011000000101000000110001100000010100000011000110000001010000001100011000000101000000110001100000010100000011000110
0001111111000111111100000111111100011111110000011111110001111111000001111111000111111100000111111100011111110000011
