0000000000000111010000000000000000000000101110000000000000000000000000011101000000000000000000000010111000000000000
1110000100001110101000000000000000000001010111000010000111111000010000111010100000000000000000000101011100001000011
0101100110011110000000011111111111100000000111100110011010010110011001111000000001111111111110000000011110011001101
0011111000011111000000111111111111110000001111100001111100001111100001111100000011111111111111000000111110000111110
0101100000011111000001111111111111111000001111100000011010010110000001111100000111111111111111100000111110000001101
1110000000001110000011100000110000011100000111000000000111111000000000111000001110000011000001110000011100000000011
1111000000001000000111001111001111001110000001000000001111111100000000100000011100111100111100111000000100000000111
0110010001010100001110011111001111100111000010101000100110011001000101010000111001111100111110011100001010100010011
1000111001100000011100110000110000110011100000011001110001100011100110000001110011000011000011001110000001100111000
1011101101111000111001100000110000011001110001111011011101101110110111100011100110000011000001100111000111101101110
1010000111000001110011001100110011001100111000001110000101101000011100000111001100110011001100110011100000111000010
0110010010000011100110010010110100100110011100000100100110011001001000001110011001001011010010011001110000010010011
1011100110000111000100110011001100110010001110000110011101101110011000011100010011001100110011001000111000011001110
1001001100001110000110000110110110000110000111000011001001100100110000111000011000011011011000011000011100001100100
1000011000011100010011001100110011001100100011100001100001100001100001110001001100110011001100110010001110000110000
1000110000111000101101111000110001111011010001110000110001100011000011100010110111100011000111101101000111000011000
0111100001110000110000100111001110010000110000111000011110011110000111000011000010011100111001000011000011100001111
0111000011100001111000000011111100000001111000011100001110011100001110000111100000001111110000000111100001110000111
1000000111000011111100001101001011000011111100001110000001100000011100001111110000110100101100001111110000111000000
1100001110000111111000011110000111100001111110000111000011110000111000011111100001111000011110000111111000011100001
1111011100001101010000101101001011010000101011000011101111111101110000110101000010110100101101000010101100001110111
1111111000011001010011000011111100001100101001100001111111111111100001100101001100001111110000110010100110000111111
1111110000110010101001000111111110001001010100110000111111111111000011001010100100011111111000100101010011000011111
