11111110001111110001110001111110001111111
10010001010000001110101110000001010001001
10100000101100011101010111000110100000101
11000000011110011011011011001111000000011
10000001111111000111011100011111110000001
10000001111111100110101100111111110000001
10000001110011100000100000111001110000001
01001110110011000000100000011001101110010
00101111010010000000100000001001011110100
01011111101000000010101000000010111111010
10111100010100000101110100000101000111101
10111100001010001010101010001010000111101
10011111100101011001110011010100111111001
10001111000010111000100011101000011110001
10000110000001011001010011010000001100001
10000000000011101010101010111000000000001
10110000000111110101110101111100000001101
01110000000000001010101010000000000001110
01101100010000010100100101000001000110110
01011100101000101000100010100010100111010
10111000010101010000100001010101000011101
11000111111110111111011111101111111100011
10111000010101010000100001010101000011101
01011100101000101000100010100010100111010
01101100010000010100100101000001000110110
01110000000000001010101010000000000001110
10110000000111110101110101111100000001101
10000000000011101010101010111000000000001
10000110000001011001010011010000001100001
10001111000010111000100011101000011110001
10011111100101011001110011010100111111001
10111100001010001010101010001010000111101
10111100010100000101110100000101000111101
01011111101000000010101000000010111111010
00101111010010000000100000001001011110100
01001110110011000000100000011001101110010
10000001110011100000100000111001110000001
10000001111111100110101100111111110000001
10000001111111000111011100011111110000001
11000000011110011011011011001111000000011
10100000101100011101010111000110100000101
10010001010000001110101110000001010001001
11111110001111110001110001111110001111111
