110000000000000000000000111000000000000000000000011
110111100000000000000001101100000000000000001111011
001000010000000000110011000110011000000000010000100
010111001000000001111001101100111100000000100111010
010100100100000010001100111001100010000001001001010
010100010100000011000110010011000110000001010001010
010010001000011101111001010100111101110000100010010
001001001000010010000001010100000010010000100100100
000100111000010011100001010100001110010000111001000
000011000011101100011001010100110001101110000110000
000000000111110011110110111011011110011111000000000
000000001110010111101111000111101111010011100000000
000000001110110011011000111000110110011011100000000
000000000110000001100111000111001100000011000000000
000000000011111000111001111100111000111110000000000
000000000001111110001110010011100011111100000000000
000000000000000001000111010111000100000000000000000
000000000000001100110000010000011001100000000000000
000000000000011110011100111001110011110000000000000
000001110000110011001010010010100110011000011100000
000010001001101101101010010010101101101100100010000
000010001001101101101110010011101101101100100010000
001101010110110011000110010011000110011011010101100
010010101001011110000011010110000011110100101010010
010001010001001100011000111000110001100100010100010
010010101001000011101000101000101110000100101010010
001101010110110000001110101011100000011011010101100
000010001000011100000001101100000001110000100010000
000010001000000110000000111000000011000000100010000
000001110000000001100000010000001100000000011100000
000000000000000001011110010011110100000000000000000
000000000000000000100001101100001000000000000000000
000000000000000000100001101100001000000000000000000
000000000000000000011110010011110000000000000000000
000000010000111000000000101000000000111000010000000
000000111001111100100000101000001001111100111000000
000011101011000100110000101000011001000110101110000
000011101011110000101000010000101000011110101110000
000111010011011000100100010001001000110110010111000
001100111001101100100010010010001001101100111001100
000111011100110110100010010010001011011001110111000
000000001110011010100010010010001010110011100000000
000011100111001110010010010010010011100111001110000
000111110011101100001010010010100001101110011111000
001101011001101000000110010011000000101100110101100
001101101100010000000010101010000000010001101101100
001100110111101111100001000100001111101111011001100
000110011011000000110001000100011000000110110011000
000000001110000000001000101000100000000011100000000
000000000000000000001100010001100000000000000000000
000000011100000000000011010110000000000001110000000
000000100110000000000001010100000000000011001000000
000001110011000000000000101000000000000110011100000
000010101000100000000000101000000000001000101010000
000101110100010000000000111000000000010001011101000
001101010110001000000000010000000000100011010101100
001101010110000100000000010000000001000011010101100
001101010110000010000000010000000010000011010101100
001101010110000001000000010000000100000011010101100
001101110110000000100000111000001000000011011101100
011100100111000000010001101100010000000111001001110
000000000000000000001011010110100000000000000000000
000000000011111110000110111011000011111110000000000
000000000111111111001101101101100111111111000000000
000000001100000011100110111011001110000001100000000
000000011000000001100011010110001100000000110000000
000000011000001001100000101000001100100000110000000
000000011000011011000011111110000110110000110000000
000000011000001110000110010011000011100000110000000
000000011000000100001100101001100001000000110000000
000000001110000000011001010100110000000011100000000
000000000111000000110010101010011000000111000000000
000000000001111000100110010011001000111100000000000
000000000000111100101110010011101001111000000000000
000000000010000110100110010011001011000010000000000
000000000111001100110010101010011001100111000000000
000000001101011000011001010100110000110101100000000
000000011000110000001100101001100000011000110000000
000000001111100000000110010011000000001111100000000
000000000111000000000011111110000000000111000000000
000000000000000000000000111000000000000000000000000
000000000000000000001111111111100000000000000000000
000000000000000000011011101110110000000000000000000
000000000000000000110001000100011000000000000000000
000000000000000001111011101110111100000000000000000
000000000000000011111111111111111110000000000000000
