11111111110111000111110100000000
10100000001011100011111010000000
11010000000101110001111101000000
10101000000010111011100010100000
10010100000001011111011101010000
10001010000000101110100010101000
10000101111111110101000001010100
10000010000000001010100000101010
10000010011111111101010000010101
10000010101111111010001000010110
01000010110110110100000100010111
10100010111001110100000010101111
11010010111011110100000101011111
11101010110111110100001010111111
01110110111111110111110111111110
00111010111111101000000111111101
00011101110000010111111111111010
10001110101111101101101111000100
11011101010000101001100110111001
11111010100000101110011101000100
11110101000000101110011010000010
11101000100000101001100100000001
01101000010001001101100100000001
10101000001010111111011100001101
01010100000101111110100010010011
00101010000010111101000001100001
00010101000101111010000001100001
00001010111011111010000010010001
00000101000111111010000100001010
00000010111111110101000100000100
00000001011111101000100010001001
00000000101111010010011111110011
