101010100000000000000000010000000000000000001010101
011011000000000000000000111000000000000000000110110
111011100000000010101001111100101010000000001110111
000100011100000001110000111000011100000001110001000
111011010100000011010000010000010110000001010110111
011011010100000000101000111000101000000001010110110
101000110110000001110101111101011100000011011000101
000111110000010000101011111110101000010000011111000
000100001001100000000101111101000000001100100001000
000111100101100000000010111010000000001101001111000
000000100010000000000001111100000000000010001000000
000000001101010101000000111000000101010101100000000
000000001100110110000000111000000011011001100000000
000000010001110111000000111000000111011100010000000
000000000000001000000000111000000000100000000000000
001010000001110111000000111000000111011100000010100
000110100000110110000000111000000011011000001011000
001101110001010101000001101100000101010100011101100
000110100000000000100011000110001000000000001011000
001001010000000000011110000011110000000000010100100
000000101000000000010001000100010000000000101000000
000000010100000000110001101100011000000001010000000
001000111010000001101111101111101100000010111000100
011101111111111111000111101111000111111111111101110
111111111111111110000000010000000011111111111111111
011101111111111111000111101111000111111111111101110
001000111010000001101111101111101100000010111000100
000000010100000000110001101100011000000001010000000
000000101000000000010001000100010000000000101000000
001001010000000000011110000011110000000000010100100
000110100000000000100011000110001000000000001011000
001101110001010101000001101100000101010100011101100
000110100000110110000000111000000011011000001011000
001010000001110111000000111000000111011100000010100
000000000000001000000000111000000000100000000000000
000000010001110111000000111000000111011100010000000
000000001100110110000000111000000011011001100000000
000000001101010101000000111000000101010101100000000
000000100010000000000001111100000000000010001000000
000111100101100000000010111010000000001101001111000
000100001001100000000101111101000000001100100001000
000111110000010000101011111110101000010000011111000
101000110110000001110101111101011100000011011000101
011011010100000000101000111000101000000001010110110
111011010100000011010000010000010110000001010110111
000100011100000001110000111000011100000001110001000
111011100000000010101001111100101010000000001110111
011011000000000000000000111000000000000000000110110
101010100000000000000000010000000000000000001010101
