1000000000010000000111111000001111110000000100000000001000000000010000000111111000001111110000000100000000001000000
1100000000111000001000000100010000001000001110000000011100000000111000001000000100010000001000001110000000011100000
1110000011101000010000100010100010000100001011100000111110000011101000010000100010100010000100001011100000111110000
1111000000011000010001110001000111000100001100000001111111000000011000010001110001000111000100001100000001111111000
1110000000011100001000101001001010001000011100000000111110000000011100001000101001001010001000011100000000111110000
1100000000011110000010000101010000100000111100000000011100000000011110000010000101010000100000111100000000011100000
1000100000111111111111000011100001111111111110000010001000100000111111111111000011100001111111111110000010001000100
1001110001111000000011100001000011100000001111000111001001110001111000000011100001000011100000001111000111001001110
1011111001111111111111110001000111111111111111001111101011111001111111111111110001000111111111111111001111101011111
1111111101111100011110000011100000111100011111011111111111111101111100011110000011100000111100011111011111111111111
1011111001111111111100000101010000011111111111001111101011111001111111111100000101010000011111111111001111101011111
1001110000111111111000101001001010001111111110000111001001110000111111111000101001001010001111111110000111001001110
1000100000011111100001110001000111000011111100000010001000100000011111100001110001000111000011111100000010001000100
1100000000000101000000100011100010000001010000000000011100000000000101000000100011100010000001010000000000011100000
1110000000000101000000000111110000000001010000000000111110000000000101000000000111110000000001010000000000111110000
1111000000000101000000001111111000000001010000000001111111000000000101000000001111111000000001010000000001111111000
1111100000001010100000011111111100000010101000000011111111100000001010100000011111111100000010101000000011111111100
