0000101111111100011111111010000000101111111100011111111010000000101111111100011111111010000000101111111100011111111
0001100111011110111101110011000001100111011110111101110011000001100111011110111101110011000001100111011110111101110
0011100010001110111000100011100011100010001110111000100011100011100010001110111000100011100011100010001110111000100
0111100000011011101100000011110111100000011011101100000011110111100000011011101100000011110111100000011011101100000
0111011110110001000110111101110111011110110001000110111101110111011110110001000110111101110111011110110001000110111
0110111100011001001100011110110110111100011001001100011110110110111100011001001100011110110110111100011001001100011
0101111001000011100001001111010101111001000011100001001111010101111001000011100001001111010101111001000011100001001
1011110011100110110011100111101011110011100110110011100111101011110011100110110011100111101011110011100110110011100
1100000110111100011110110000011100000110111100011110110000011100000110111100011110110000011100000110111100011110110
1011110011100110110011100111101011110011100110110011100111101011110011100110110011100111101011110011100110110011100
0101111001000011100001001111010101111001000011100001001111010101111001000011100001001111010101111001000011100001001
0110111100011001001100011110110110111100011001001100011110110110111100011001001100011110110110111100011001001100011
0111011110110001000110111101110111011110110001000110111101110111011110110001000110111101110111011110110001000110111
0111100000011011101100000011110111100000011011101100000011110111100000011011101100000011110111100000011011101100000
0011100010001110111000100011100011100010001110111000100011100011100010001110111000100011100011100010001110111000100
0001100111011110111101110011000001100111011110111101110011000001100111011110111101110011000001100111011110111101110
0000101111111100011111111010000000101111111100011111111010000000101111111100011111111010000000101111111100011111111
