1100000001111101110111110000000111000000011111011
1011111101111101110111110111111010111111011111011
0101111001100010001000110011110101011110011000100
0110110001101101110110110001101101101100011011011
0111000111101101110110111100011101110001111011011
0111000100010001110001000100011101110001000100011
0110001101101111111110110110001101100011011011111
0100111101101111111110110111100101001111011011111
0000100010001000000010001000100000001000100010000
1111101101111001010011110110111111111011011110010
1111101101100011011000010110111111111011011000110
1100010001000111011100010001000111000100010001110
1101101111000111011100011110110111011011110001110
1101101100011011011011000110110111011011000110110
0010001100111101010111100110001000100011001111010
1101111101111110101111110111110111011111011111101
1101111100000001110000000111110111011111000000011
1101111101111110101111110111110111011111011111101
0010001100111101010111100110001000100011001111010
1101101100011011011011000110110111011011000110110
1101101111000111011100011110110111011011110001110
1100010001000111011100010001000111000100010001110
1111101101100011011000110110111111111011011000110
1111101101111001010011110110111111111011011110010
0000100010001000000010001000100000001000100010000
0100111101101111111110110111100000001111011011111
0110000101101111111110110110001111100011011011111
0111000100010001110001000100000010000001000100011
0111000111101101110110111100000010000001111011011
0110110001101101110110110000000111010000011011011
0101111001100010001000110000001010100000011000100
1011111101111101110111110000011010000000011111011
1100000001111101110111110000111010000000011111011
1011111101111101110111110000011010000000011111011
0101111001100010001000110000001010100000011000100
0110110001101101110110110000000111010000011011011
0111000111101101110110111100000010010001111011011
0111000100010001110001000100011010100001000100011
0110000101101111111110110110000111000011011011111
0100111101101111111110110111100000001111011011111
0000100010001000000010001000100000001000100010000
1111101101111001010011110110111111111011011110010
1111101101100011011000110110111111111011011000110
1100010001000111011100010001000111000100010001110
1101101111000111011100011110110111011011110001110
1101101100011011011011000110110111011011000110110
0010001100111101010111100110001000100011001111010
1101111101111110101111110111110111011111011111101
1101111100000001110000000111110111011111000000011
