0000001000000
0000010100000
0000110110000
0100111110010
1010011100101
1000001000001
0111001001110
0011101011100
0000110110000
0000001000000
0001001001000
0000110110000
0000000000000
0000001000000
0000010100000
0000110110000
0100111110010
1010011100101
1000001000001
0111001001110
0011101011100
0000110110000
0000001000000
0001001001000
0000110110000
0000000000000
0000001000000
0000010100000
0000110110000
0100111110010
1010011100101
1000001000001
0111001001110
0011101011100
0000110110000
0000001000000
0001001001000
0000110110000
0000000000000
0000001000000
0000010100000
0000110110000
0100111110010
1010011100101
1000001000001
0111001001110
0011101011100
0000110110000
0000001000000
0001001001000
0000110110000
0000000000000
0000001000000
0000010100000
0000110110000
0100111110010
1010011100101
1000001000001
0111001001110
0011101011100
0000110110000
0000001000000
0001001001000
0000110110000
0000000000000
0000001000000
0000010100000
0000110110000
0100111110010
1010011100101
1000001000001
0111001001110
0011101011100
0000110110000
0000001000000
0001001001000
0000110110000
0000000000000
0000001000000
0000010100000
0000110110000
0100111110010
1010011100101
1000001000001
0111001001110
0011101011100
0000110110000
0000001000000
0001001001000
0000110110000
0000000000000
0000001000000
0000010100000
0000110110000
0100111110010
1010011100101
1000001000001
0111001001110
0011101011100
0000110110000
0000001000000
0001001001000
0000110110000
0000000000000
0000001000000
0000010100000
0000110110000
0100111110010
1010011100101
1000001000001
0111001001110
0011101011100
0000110110000
0000001000000
0001001001000
0000110110000
0000000000000
0000001000000
0000010100000
0000110110000
0100111110010
1010011100101
1000001000001
0111001001110
0011101011100
0000110110000
0000001000000
0001001001000
