00001111000001000001111000
00010011100001000011100100
00000001110010100111000000
00001110111010101110111000
10011111011010101101111100
01011111101010101011111101
01010111110100010111110101
01000011110100010111100001
01110011110100010111100111
01111011110100010111101111
01111001110100010111001111
01111001111010101111001111
00111100111101011110011110
00011100011110111100011100
00011110000001000000111100
00001111000001000001111000
00000111111110111111110000
00000011111101011111100000
00000001111001001111000000
00000000000001000000000000
00000000000001000000000000
00000000000110110000000000
00000000001001001000000000
00000000001110111000000000
