001000111001001110111011100100111000100
011001100101100101010101001101001100110
111001100001010011101110010100001100111
000110110001001001010100100100011011000
000111011001000100111001000100110111000
011011101001100010010010001100101110110
111101101001010001000100010100101101111
100110010101001000101000100101010011001
100011101001000100010001000100101110001
010000010101000110010011000101010000010
000000000011000101010101000110000000000
111111111111000100111001000111111111111
010001000000100100010001001000000100010
001000100000010101000101010000001000100
100100010000001101101101100000010001001
110010001111111101101101111111100010011
101001000100000001111100000001000100101
011100100010011110010011110010001001110
101010010001001110101011100100010010101
110111001111100011010110001111100111011
101010010001001110101011100100010010101
011100100010011110010011110010001001110
101001000100000001111100000001000100101
110010001111111101101101111111100010011
100100010000001101101101100000010001001
001000100000010101000101010000001000100
010001000000100100010001001000000100010
111111111111000100111001000111111111111
000000000011000101010101000110000000000
010000010101000110010011000101010000010
100011101001000100010001000100101110001
100110010101001000101000100101010011001
111101101001010001000100010100101101111
011011101001100010010010001100101110110
000111011001000100111001000100110111000
000110110001001001010100100100011011000
111001100001010011101110010100001100111
011001100101100101010101001101001100110
001000111001001110111011100100111000100
