0101000010000000001000000000100001010011111001111100011100100111000111110011111001010000100000000010000000001000010
1010100101100000011100000011010010101000001001010000001011011010000001010010000010101001011000000111000000110100101
0101010110000001101011000000110101010011111001111100000111011100000111110011111001010101100000011010110000001101010
1010101111000001110111000001111010101010000001110000000110101100000001110000001010101011110000011101110000011110101
0101011011100010110110100011101101010011111111111100110001010001100111111111111001010110111000101101101000111011010
0000110001110111001001110111000110000011111111111101001000100010010111111111111000001100011101110010011101110001100
0000111011100010110110100011101110000011111111111100100100100100100111111111111000001110111000101101101000111011100
0001111111000001110111000001111111000010010001001001110010101001110010010001001000011111110000011101110000011111110
0011010100000001101011000000010101100010010001001000101101010110100010010001001000110101000000011010110000000101011
0110101010000000011100000000101010110011011001101100011110101111000110110011011001101010100000000111000000001010101
0000000000000000001000000000000000000000000000000000000000000000000000000000000000000000000000000010000000000000000
