0011100011011000001010100010001010100000110110001110001110001101100000101010001000101010000011011000111000111000110
0111110001101100000101001101100101000001101100011111011111000110110000010100110110010100000110110001111101111100011
1100001000110110000101000010000101000011011000100001110000100011011000010100001000010100001101100010000111000010001
1010000100011011000101000010000101000110110001000010101000010001101100010100001000010100011011000100001010100001000
1001000010001101101111101101101111101101100010000100100100001000110110111110110110111110110110001000010010010000100
0100111001000110111111110010011111111011000100111001010011100100011011111111001001111111101100010011100101001110010
1011000100100011111011100101001110111110001001000110101100010010001111101110010100111011111000100100011010110001001
1000100100010000110101001101100101011000010001001000100010010001000011010100110110010101100001000100100010001001000
1000011010001000011011010010010110110000100010110000100001101000100001101101001001011011000010001011000010000110100
0100000100001100001111101101101111100001100001000001010000010000110000111110110110111110000110000100000101000001000
0110011011001010000111110101011111000010100110110011011001101100101000011111010101111100001010011011001101100110110
0100010101001001000111111010111111000100100101010001010001010100100100011111101011111100010010010101000101000101010
1010001110001101000111011101110111000101100011100010101000111000110100011101110111011100010110001110001010100011100
1100010101001010100011110010011110001010100101010001110001010100101010001111001001111000101010010101000111000101010
1010011011001010100001101010101100001010100110110010101001101100101010000110101010110000101010011011001010100110110
0100000100011011000100000101000001000110110001000001010000010001101100010000010100000100011011000100000101000001000
1010110000101010011011001010100110110010101000011010101011000010101001101100101010011011001010100001101010101100001
1001111000101010010101000111000101010010101000111100100111100010101001010100011100010101001010100011110010011110001
0111011100010110101110101010101011101011010001110111011101110001011010111010101010101110101101000111011101110111000
1011111100010010010101000101000101010010010001111110101111110001001001010100010100010101001001000111111010111111000
0101111100001010011011001101100110110010100001111101010111110000101001101100110110011011001010000111110101011111000
0110111110000110000100000101000001000011000011111011011011111000011000010000010100000100001100001111101101101111100
1001011011000010001011000010000110100010000110110100100101101100001000101100001000011010001000011011010010010110110
0110010101100001000100100010001001000100001101010011011001010110000100010010001000100100010000110101001101100101011
0100111011111000100100011010110001001000111110111001010011101111100010010001101011000100100011111011100101001110111
1001111111101100010011100101001110010001101111111100100111111110110001001110010100111001000110111111110010011111111
0110111110110110001000010010010000100011011011111011011011111011011000100001001001000010001101101111101101101111101
1001010100011011000100001010100001000110110001010100100101010001101100010000101010000100011011000101010010010101000
1001010100001101100010000111000010001101100001010100100101010000110110001000011100001000110110000101010010010101000
0110010100000110110001111101111100011011000001010011011001010000011011000111110111110001101100000101001101100101000
1000101010000011011000111000111000110110000010101000100010101000001101100011100011100011011000001010100010001010100
