1100000000111011110111101110000000011
1011111001100001101011000011001111101
0111110011001000011100001001100111110
1011100110011101011101011100110011101
1101001100011100001000011100011001011
1110011001101011000001101011001100111
1100110011110111101011110111100110011
1001100001101011001001101011000011001
0011001000011100011100011100001001100
0110011101011100110110011101011100110
1100011100001001100011001000011100011
1001101011000011000001100001101011001
1011110111100110010100110011110111101
0001101011001100110110011001101011000
1000011100011001110111001100011100001
1101011100110011110111100110011101011
1100001001100101110111010011001000011
1011000011001110101010111001100001101
0111101110011111011101111100111011110
1011000011001110101010111001100001101
1100001001100101110111010011001000011
1101011100110011110111100110011101011
1000011100011001110111001100011100001
0001101011001100110110011001101011000
1011110111100110010100110011110111101
1001101011000011000001100001101011001
1100011100001001100011001000011100011
0110011101011100110110011101011100110
0011001000011100011100011100001001100
1001100001101011001001101011000011001
1100110011110111101011110111100110011
1110011001101011000001101011001100111
1101001100011100001000011100011001011
1011100110011101011101011100110011101
0111110011001000011100001001100111110
1011111001100001101011000011001111101
1100000000111011110111101110000000011
