0000000100000000000001000000000000010000000000000100000000000001000000000000010000000000000100000000000001000000000
0000001110000000000011100000000000111000000000001110000000000011100000000000111000000000001110000000000011100000000
0000011111000000000111110000000001111100000000011111000000000111110000000001111100000000011111000000000111110000000
0001101110110000011011101100000110111011000001101110110000011011101100000110111011000001101110110000011011101100000
0011110101111000111101011110001111010111100011110101111000111101011110001111010111100011110101111000111101011110001
0010010101001000100101010010001001010100100010010101001000100101010010001001010100100010010101001000100101010010001
1000001110000010000011100000100000111000001000001110000010000011100000100000111000001000001110000010000011100000100
1100001110000111000011100001110000111000011100001110000111000011100001110000111000011100001110000111000011100001110
1110000100001111100001000011111000010000111110000100001111100001000011111000010000111110000100001111100001000011111
1111111111111111111111111111111111111111111111111111111111111111111111111111111111111111111111111111111111111111111
1111111111111111111111111111111111111111111111111111111111111111111111111111111111111111111111111111111111111111111
