1111111111111110001111110001000001000111111000111111111111111111111111111110001111110001000001000111111000111111111
1111000000101111000100101000101010001010010001111010000001111111000000101111000100101000101010001010010001111010000
1110000001010111100011000100011100010001100011110101000000111110000001010111100011000100011100010001100011110101000
1100000010001011101000000010111110100000001011101000100000011100000010001011101000000010111110100000001011101000100
1100000001011011101100000001111111000000011011101101000000011100000001011011101100000001111111000000011011101101000
1100000000111011101110000000111110000000111011101110000000011100000000111011101110000000111110000000111011101110000
1010000000111001011100000110000000110000011101001110000000101010000000111001011100000110000000110000011101001110000
0101000000111110111000000101111111010000001110111110000001010101000000111110111000000101111111010000001110111110000
1010100000011101110000000010101010100000000111011100000010101010100000011101110000000010101010100000000111011100000
0101100000001011101000000011010101100000001011101000000011010101100000001011101000000011010101100000001011101000000
1010100000000111011100000010101010100000011101110000000010101010100000000111011100000010101010100000011101110000000
1111010000001110111110000001010101000000111110111000000101111111010000001110111110000001010101000000111110111000000
0000110000011101001110000000101010000000111001011100000110000000110000011101001110000000101010000000111001011100000
1110000000111011101110000000011100000000111011101110000000111110000000111011101110000000011100000000111011101110000
1111000000011011101101000000011100000001011011101100000001111111000000011011101101000000011100000001011011101100000
1110100000001011101000100000011100000010001011101000000010111110100000001011101000100000011100000010001011101000000
1100010001100011110101000000111110000001010111100011000100011100010001100011110101000000111110000001010111100011000
1010001010010001111010000001111111000000101111000100101000101010001010010001111010000001111111000000101111000100101
0001000111111000111111111111111111111111111110001111110001000001000111111000111111111111111111111111111110001111110
