0100000010001111000000111111110011111111000000111100010000001001000000100011110000001111111100111111110000001111000
1000101100001001000001000000001100000000100000100100001101000110001011000010010000010000000011000000001000001001000
0101101100001001000010001100011110001100010000100100001101101001011011000010010000100011000111100011000100001001000
0101110001111111111100001010100001010100001111111111100011101001011100011111111111000010101000010101000011111111111
0101011101001001001000011110100001011110000100100100101110101001010111010010010010000111101000010111100001001001001
0101111001001001001000001001011110100100000100100100100111101001011110010010010010000010010111101001000001001001001
1010000001111111111111000000101101000000111111111111100000010110100000011111111111110000001011010000001111111111111
1101001000001001001001001111010010111100100100100100000100101111010010000010010010010011110100101111001001001001000
0010111100001001001001011101010010101110100100100100001111010000101111000010010010010111010100101011101001001001000
0010101000011111111111000111010010111000111111111110000101010000101010000111111111110001110100101110001111111111100
1100011000100001001000011011010010110110000100100001000110001111000110001000010010000110110100101101100001001000010
1000000001000001001000011010001100010110000100100000100000000110000000010000010010000110100011000101100001001000001
0111111110000001111000100000010010000001000111100000011111111001111111100000011110001000000100100000010001111000000
