110000111011101110111000011
101111010101000101010111101
010111101110000011101111010
011011110100000001011110110
011100000000000000000001110
011101111010000010111101110
101101001011000110100101101
110101011011101110110101011
101001110011101110011100101
011100000011101110000001110
101001111101101101111100101
110000111110101011111000011
100000011111010111110000001
000000000000111000000000000
100000011111010111110000001
110000111110101011111000011
101001111101101101111100101
011100000011101110000001110
101001110011101110011100101
110101011011101110110101011
101101001011000110100101101
011101111010000010111101110
011100000000000000000001110
011011110100000001011110110
010111101110000011101111010
101111010101000101010111101
110000111011101110111000011
