1000101000111000101000100010100011100010100010001010001110001010001000101000111000101000100010100011100010100010001
0100011001111100110001010001100111110011000101000110011111001100010100011001111100110001010001100111110011000101000
0010111010000010111010001011101000001011101000101110100000101110100010111010000010111010001011101000001011101000101
0100000101111101000001010000010111110100000101000001011111010000010100000101111101000001010000010111110100000101000
1000001000010000100000100000100001000010000010000010000100001000001000001000010000100000100000100001000010000010000
1000010000010000010000100001000001000001000010000100000100000100001000010000010000010000100001000001000001000010000
1110100000101000001011111010000010100000101111101000001010000010111110100000101000001011111010000010100000101111101
0001011101000101110100000101110100010111010000010111010001011101000001011101000101110100000101110100010111010000010
1110011000101000110011111001100010100011001111100110001010001100111110011000101000110011111001100010100011001111100
1100010100010001010001110001010001000101000111000101000100010100011100010100010001010001110001010001000101000111000
