0100100000100000100000100101001000001000001000001001010010000010000010000010010100100000100000100000100101001000001
1001110001011011010001110010011100010110110100011100100111000101101101000111001001110001011011010001110010011100010
1011111001100000110011111010111110011000001100111110101111100110000011001111101011111001100000110011111010111110011
1001110001100000110001110010011100011000001100011100100111000110000011000111001001110001100000110001110010011100011
1000100011110001111000100010001000111100011110001000100010001111000111100010001000100011110001111000100010001000111
1001000111111011111100010010010001111110111111000100100100011111101111110001001001000111111011111100010010010001111
1010001111111011111110001010100011111110111111100010101000111111101111111000101010001111111011111110001010100011111
1100011111110001111111000111000111111100011111110001110001111111000111111100011100011111110001111111000111000111111
1000110001010001010001100010001100010100010100011000100011000101000101000110001000110001010001010001100010001100010
1001100001010001010000110010011000010100010100001100100110000101000101000011001001100001010001010000110010011000010
1111000010101010101000011111110000101010101010000111111100001010101010100001111111000010101010101000011111110000101
