000000000000000100000000010000000000000000
000000000000001110000000111000000000000000
000000000000010101000001010100000000000000
000000000000111111100011111110000000000000
000000000100010101001001010100010000000000
000000001110001010011100101000111000000000
000000010101001010101010101001010100000000
000000111111101011111111101011111110000000
001000010101001010101010101001010100001000
011100001010001010010100101000101000011100
101011111111111111111111111111111111101010
111100001010001010010100101000101000011111
101011111111111111111111111111111111101010
011100001010001010010100101000101000011100
001000001010001010010100101000101000001000
000001001010001010010100101000101001000000
000011101010010101010101010100101011100000
000101010110111111110111111110110101010000
001111111000010101010101010100001111111000
000101010100001110010100111000010101010000
000011101110000100010100010000111011100000
000001010101111111111111111111010101000000
000000111110000000010100000000111110000000
000000010101111111111111111111010100000000
000000000000000000010100000000000000000000
000000000000000000101010000000000000000000
000000000000000001111111000000000000000000
000000000000000000101010000000000000000000
000000000000000000011100000000000000000000
000000000000000000001000000000000000000000
