1000000000000000000000000000000000000000000000000000000000000000000000000000000000000000000000000000100000000000000
1110011000000000011111100000000000000000000000000000000000000000000000000000001111110000000000110011111001100000000
1110110110000000111111110010110011100110000000100010001000000011001110011010011111111000000011011011111011011000000
1101001111000001110000011001011001001100000000011010110000000001100100110100110000011100000111100101110100111100000
1101111100000011100111111100101111111000001110001010100011100000111111101001111111001110000001111101110111110000001
1010000000011110000111111110010111101011000111000111000111000110101111010011111111000011110000000010101000000001111
1000000000111111000011101110001111111010010111101111101111010010111111100011101110000111111000000000100000000011111
1011111101110000000000001110000101110110110011101111101110011011011101000011100000000000011101111110101111110111000
1000001011101111000000011110000011101110100011101111101110001011101110000011110000000111101110100000100000101110111
1111000111111111000000011110000000011101100011101111101110001101110000000011110000000111111111000111111100011111111
1111101111111000000100111110000000111011000001110111011100000110111000000011111001000000111111101111111110111111100
1010110111110000000111111100000001110111010000111010111000010111011100000001111111000000011111011010101011011111000
0101011011100110000011111000000001001110111000011101110000111011100100000000111110000011001110110101010101101110011
1010101101001111000000000000110000011101111100001000100001111101110000011000000000000111100101101010101010110100111
0101010110011111110000000110011000110011111110001101100011111110011000110011000000011111110011010101010101011001111
1110101110111110000011000110110000010110000111000111000111000011010000011011000110000011111011101011111010111011111
0011010110111111000011000001111000000010010001100111001100010010000000111100000110000111111011010110001101011011111
1101101110111111100000111111111100111000011000111111111000110000111001111111111000001111111011101101110110111011111
1110110100000000011001110000001110011110011100001111100001110011110011100000011100110000000001011011111011010000000
1110111011100000011011101100000110001111011111000010000111110111100011000001101110110000001110111011111011101110000
1101110111110000000111001100000111001111101111100111001111101111100111000001100111000000011111011101110111011111000
1011101111111000001110000000000111100111110111100111001111011111001111000000000011100000111111101110101110111111100
0010011111111000011101100000000100100111111111101101101111111111001001000000001101110000111111110010001001111111100
1101111110011000111001100011000000110011111000011000110000111110011000000110001100111000110011111101110111111001100
1110111100110001110000000110000001110000001000110000011000100000011100000011000000011100011001111011111011110011000
1100000000000111100000000100111111111000001101100000001101100000111111111001000000001111000000000001110000000000011
1110000000111111000000001111111111110100001111000000000111100001011111111111100000000111111000000011111000000011111
1011111101111110000000110011111111100011111110000000000011111110001111111110011000000011111101111110101111110111111
0001111111111011111111100001111111000001111100000000000001111100000111111100001111111110111111111100000111111111101
