00000000111111111011111111100000000
11111110010000100100100001001111111
00000001000001000100010000010000000
11111110100010001110001000101111111
00010010010001010101010001001111011
10101010001000100100100010001010001
01000110000100000100000100001111011
11111111111010000100001011111111111
00000010101001001110010010101000000
10000011011000100100100011111000001
11000010101000010001000010101000011
11110011111111101010111111111010111
11001000001001101010110110000110011
10001100001010101010111110001110101
10110010001100101010110110000001100
11010010001010101010100010001011101
00100111001001101010110110011100011
00111111101010101010111110111110111
00100111001100101010110110011100011
11010010001010101010100010001011101
10110010001001101010110110000001100
10001100001010101010111110001110101
11001000001100101010110110000110011
11110011111111101010111111111010111
11000010101000010001000010101000011
10000011011000100100100011111000001
00000010101001001110010010101000000
11111111111010000100001011111111111
01000110000100000100000100001111011
10101010001000100100100010001010001
00010010010001010101010001001111011
11111110100010001110001000101111111
00000001000001000100010000010000000
11111110010000100100100001001111111
00000000111111111011111111100000000
