11111100011111110001010001111111000111111
10100010100000001110101110000000101000101
11000001000000011101010111000000010000011
10011100011100011011011011000111000111001
10010110111110000111011100001111101101001
10011010111111000110101100011111101011001
01001101111111000000100000011111110110010
00100010110011000000100000011001101000100
01001111010010000000100000001001011110010
10011111101000000010101000000010111111001
10011110010100010101110101000101001111001
10011110001010110010101001101010001111001
10001111100101110001110001110100111110001
10000111000010110000100001101000011100001
10000000000111010001010001011100000000001
10110000001111101010101010111110000001101
01110000000000010101110101000000000001110
01101100001000001010101010000010000110110
01011100010100010100100101000101000111010
10111000001010101000100010101010000011101
01000111111111011111011111011111111100010
10111000001010101000100010101010000011101
01011100010100010100100101000101000111010
01101100001000001010101010000010000110110
01110000000000010101110101000000000001110
10110000001111101010101010111110000001101
10000000000111010001010001011100000000001
10000111000010110000100001101000011100001
10001111100101110001110001110100111110001
10011110001010110010101001101010001111001
10011110010100010101110101000101001111001
10011111101000000010101000000010111111001
01001111010010000000100000001001011110010
00100010110011000000100000011001101000100
01001101111111000000100000011111110110010
10011010111111000110101100011111101011001
10010110111110000111011100001111101101001
10011100011100011011011011000111000111001
11000001000000011101010111000000010000011
10100010100000001110101110000000101000101
11111100011111110001010001111111000111111
